time,ticket,order,time_msc,type,entry,magic,position_id,reason,volume,price,commission,swap,profit,fee,symbol,comment,external_id
2026-06-24 21:00:04,371005425,428221734,1782334804421,0,0,0,428221734,3,0.05,60890.630000000005,-0.2,0.0,0.0,0.0,BTCUSD,MCP,
2026-06-25 01:19:39,371069627,428054754,1782350379900,1,0,0,428054754,0,0.1,1.87555,-0.7,0.0,0.0,0.0,GBPCAD,,proactive
2026-06-25 04:08:06,371112145,428381062,1782360486440,1,1,0,427975418,0,0.05,213.16400000000002,0.0,0.0,11.32,0.0,GBPJPY,,
2026-06-25 04:28:07,371114511,428385704,1782361687663,0,1,0,428054754,0,0.1,1.8758200000000003,0.0,0.0,-1.9,0.0,GBPCAD,,
2026-06-25 04:42:15,371118455,428391165,1782362535781,1,0,0,428391165,0,0.1,3984.346,-0.7,0.0,0.0,0.0,XAUUSD,,
2026-06-25 04:42:37,371118479,428391228,1782362557494,1,0,0,428391228,0,0.1,3985.2180000000003,-0.7,0.0,0.0,0.0,XAUUSD,,
2026-06-25 04:43:54,371118774,428391670,1782362634695,0,1,0,428391228,0,0.1,3988.635,0.0,0.0,-34.17,0.0,XAUUSD,,
2026-06-25 04:46:05,371119659,428392817,1782362765087,0,1,0,428107780,0,0.05,3994.927,0.0,0.0,-106.63,0.0,XAUUSD,,
2026-06-25 04:46:23,371119723,428392916,1782362783139,0,1,0,428391165,0,0.1,3994.8680000000004,0.0,0.0,-105.22,0.0,XAUUSD,,
2026-06-25 04:47:50,371119835,428393187,1782362870220,0,0,0,428393187,0,0.1,60921.04,-0.4,0.0,0.0,0.0,BTCUSD,,
2026-06-25 04:53:00,371120392,428394263,1782363180702,1,0,0,428394263,0,0.1,1.8755400000000002,-0.7,0.0,0.0,0.0,GBPCAD,,
2026-06-25 04:53:21,371120554,428394455,1782363201228,1,0,0,428394455,0,0.1,1.8755600000000001,-0.7,0.0,0.0,0.0,GBPCAD,,
2026-06-25 04:54:04,371120952,428394940,1782363244928,1,0,0,428394940,0,0.5,3995.56,-3.5,0.0,0.0,0.0,XAUUSD,,
2026-06-25 04:54:17,371120972,428394985,1782363257992,0,1,0,428394940,0,0.5,3996.233,0.0,0.0,-33.65,0.0,XAUUSD,,
2026-06-25 04:54:35,371121011,428395066,1782363275751,1,0,0,428395066,0,0.5,1.8755100000000002,-3.5,0.0,0.0,0.0,GBPCAD,,
2026-06-25 04:54:47,371121113,428395189,1782363287977,1,0,0,428395189,0,1.0,3996.427,-7.0,0.0,0.0,0.0,XAUUSD,,
2026-06-25 04:56:49,371121424,428395669,1782363409729,1,0,0,428395669,0,1.0,1.8755700000000002,-7.0,0.0,0.0,0.0,GBPCAD,,
2026-06-25 05:00:01,371121695,428396247,1782363601716,0,0,0,428396247,3,0.05,213.25900000000001,-0.35,0.0,0.0,0.0,GBPJPY,MCP,
2026-06-25 05:00:07,371121715,428396296,1782363607167,0,0,0,428396296,3,0.05,1.8758800000000002,-0.35,0.0,0.0,0.0,GBPCAD,MCP,
2026-06-25 05:04:23,371122356,428397414,1782363863948,0,0,0,428397414,0,1.0,213.274,-7.0,0.0,0.0,0.0,GBPJPY,,
2026-06-25 05:05:00,371122473,428397601,1782363900543,0,0,0,428397601,0,0.1,213.276,-0.7,0.0,0.0,0.0,GBPJPY,,
2026-06-25 05:19:54,371125255,428402100,1782364794086,0,1,0,428395189,0,1.0,3992.304,0.0,0.0,412.3,0.0,XAUUSD,,
2026-06-25 05:29:07,371126876,428404765,1782365347804,1,0,0,428404765,0,0.1,3993.777,-0.7,0.0,0.0,0.0,XAUUSD,,
2026-06-25 05:59:44,371133472,428415643,1782367184346,0,0,0,428415643,0,0.1,3989.123,-0.7,0.0,0.0,0.0,XAUUSD,,
2026-06-25 06:14:56,371138396,428422853,1782368096780,0,1,0,428404765,0,0.1,3980.7580000000003,0.0,0.0,130.19,0.0,XAUUSD,,
2026-06-25 06:17:19,371139794,428424508,1782368239885,0,0,0,428424508,0,0.1,3978.7400000000002,-0.7,0.0,0.0,0.0,XAUUSD,,
2026-06-25 06:20:24,371141058,428426178,1782368424941,1,0,0,428426178,0,0.1,3975.475,-0.7,0.0,0.0,0.0,XAUUSD,,
2026-06-25 06:20:44,371141309,428426484,1782368444325,1,1,0,428424508,0,0.1,3979.393,0.0,0.0,6.53,0.0,XAUUSD,,
2026-06-25 07:07:38,371156437,428446622,1782371258789,1,1,0,428396296,0,0.05,1.8762500000000002,0.0,0.0,1.3,0.0,GBPCAD,,
2026-06-25 07:08:21,371156900,428447102,1782371301095,1,1,0,428393187,0,0.1,61588.8,0.0,0.0,66.78,0.0,BTCUSD,,
2026-06-25 07:08:27,371156964,428447167,1782371307772,1,1,0,428221734,0,0.05,61600.74,0.0,0.0,35.51,0.0,BTCUSD,,
2026-06-25 07:35:53,371171781,428464597,1782372953983,1,1,0,428397601,0,0.1,213.31300000000002,0.0,0.0,2.29,0.0,GBPJPY,,
2026-06-25 07:36:08,371171888,428464734,1782372968751,1,1,0,428397414,0,1.0,213.305,0.0,0.0,19.16,0.0,GBPJPY,,
2026-06-25 08:18:04,371193590,428490619,1782375484369,1,1,0,428415643,0,0.1,3993.038,0.0,0.0,39.15,0.0,XAUUSD,,
2026-06-25 08:20:36,371195030,428492281,1782375636619,1,0,0,428492281,0,0.1,3995.855,-0.7,0.0,0.0,0.0,XAUUSD,,
2026-06-25 08:41:47,371207648,428507353,1782376907847,1,0,0,428507353,0,0.1,1.87684,-0.7,0.0,0.0,0.0,GBPCAD,,
2026-06-25 09:18:16,371224067,428530019,1782379096393,0,1,0,428492281,0,0.1,3990.6180000000004,0.0,0.0,52.37,0.0,XAUUSD,,
2026-06-25 09:22:34,371225913,428532641,1782379354399,1,0,0,428532641,0,0.1,3993.426,-0.7,0.0,0.0,0.0,XAUUSD,,
2026-06-25 09:30:15,371229653,0,1782379815928,0,1,0,428395669,4,1.0,1.8775,0.0,0.0,-135.63,0.0,GBPCAD,[sl 1.87750],proactive
2026-06-25 09:30:15,371229654,428537609,1782379815933,0,1,0,428394455,4,0.1,1.8775,0.0,0.0,-13.63,0.0,GBPCAD,[sl 1.87750],
2026-06-25 09:30:15,371229655,428537610,1782379815935,0,1,0,428395066,4,0.5,1.8775,0.0,0.0,-69.92,0.0,GBPCAD,[sl 1.87750],
2026-06-25 09:30:15,371229656,0,1782379815940,0,1,0,428394263,4,0.1,1.8775,0.0,0.0,-13.77,0.0,GBPCAD,[sl 1.87750],proactive
2026-06-25 10:43:12,371266720,428580810,1782384192939,0,1,0,428532641,0,0.1,3985.4,0.0,0.0,80.26,0.0,XAUUSD,,
2026-06-25 10:44:19,371267303,428581457,1782384259286,1,0,0,428581457,0,0.1,3985.688,-0.7,0.0,0.0,0.0,XAUUSD,,
2026-06-25 10:47:21,371269638,428583849,1782384441552,1,1,0,428396247,0,0.05,213.095,0.0,0.0,-5.07,0.0,GBPJPY,,
2026-06-25 10:53:15,371271928,428586627,1782384795359,0,0,0,428586627,0,0.1,0.86178,-0.7,0.0,0.0,0.0,EURGBP,,
2026-06-25 11:34:53,371290043,428607828,1782387293194,0,1,0,428581457,0,0.1,3977.538,0.0,0.0,81.5,0.0,XAUUSD,,
2026-06-25 11:38:25,371292190,428610161,1782387505420,1,0,0,428610161,0,0.1,3977.406,-0.7,0.0,0.0,0.0,XAUUSD,,
2026-06-25 11:39:42,371292679,428610730,1782387582290,1,0,0,428610730,0,0.1,3980.635,-0.7,0.0,0.0,0.0,XAUUSD,,
2026-06-25 11:44:34,371296284,428614647,1782387874256,1,0,0,428614647,0,0.1,3985.607,-0.7,0.0,0.0,0.0,XAUUSD,,
2026-06-25 12:00:06,371302858,428622318,1782388806617,1,0,0,428622318,3,0.05,1.8732300000000002,-0.35,0.0,0.0,0.0,GBPCAD,MCP,
2026-06-25 12:00:07,371302860,428622321,1782388807219,1,0,0,428622321,3,0.05,212.955,-0.35,0.0,0.0,0.0,GBPJPY,MCP,
2026-06-25 12:42:15,371328467,428651342,1782391335500,0,1,0,428622321,4,0.05,213.266,0.0,0.0,-9.61,0.0,GBPJPY,[sl 213.266],
2026-06-25 15:00:03,371473537,428799943,1782399603135,0,0,0,428799943,3,0.05,213.44600000000003,-0.35,0.0,0.0,0.0,GBPJPY,MCP,
2026-06-25 15:24:15,371496366,428823408,1782401055986,0,1,0,428426178,0,0.1,4031.367,0.0,0.0,-558.92,0.0,XAUUSD,,
2026-06-25 15:24:22,371496401,428823461,1782401062339,0,1,0,428610730,0,0.1,4033.368,0.0,0.0,-527.33,0.0,XAUUSD,,
2026-06-25 15:24:28,371496526,428823604,1782401068303,0,1,0,428610161,0,0.1,4034.163,0.0,0.0,-567.57,0.0,XAUUSD,,
2026-06-25 15:24:35,371496559,428823645,1782401075998,1,0,0,428823645,0,0.1,4033.957,-0.7,0.0,0.0,0.0,XAUUSD,,
2026-06-25 15:24:45,371496682,428823781,1782401085686,0,1,0,428614647,0,0.1,4034.873,0.0,0.0,-492.66,0.0,XAUUSD,,
2026-06-25 15:24:52,371496802,428823920,1782401092473,0,1,0,428823645,0,0.1,4038.552,0.0,0.0,-45.95,0.0,XAUUSD,,
2026-06-25 15:55:42,371518389,428847629,1782402942072,0,0,0,428847629,3,0.03,4039.476,-0.21,0.0,0.0,0.0,XAUUSD,MCP,
2026-06-25 15:55:57,371518486,428847760,1782402957060,0,0,0,428847760,3,0.05,59389.18,-0.2,0.0,0.0,0.0,BTCUSD,MCP,
2026-06-25 15:56:12,371518637,428847931,1782402972447,0,0,0,428847931,3,0.1,213.614,-0.7,0.0,0.0,0.0,GBPJPY,MCP,
2026-06-25 16:00:05,371521966,428851583,1782403205628,0,0,0,428851583,3,0.03,4041.201,-0.21,0.0,0.0,0.0,XAUUSD,MCP,
2026-06-25 16:04:05,371525618,428855579,1782403445528,0,1,0,428507353,3,0.1,1.8744800000000001,0.0,0.0,16.64,0.0,GBPCAD,MCP,
2026-06-25 16:05:21,371526403,428856512,1782403521948,0,0,0,428856512,3,0.03,4038.945,-0.21,0.0,0.0,0.0,XAUUSD,MCP,
2026-06-25 16:05:51,371526701,428856860,1782403551626,1,1,0,428847629,3,0.03,4038.199,0.0,0.0,-3.83,0.0,XAUUSD,MCP,
2026-06-25 16:06:06,371526776,428856963,1782403566775,1,1,0,428847760,3,0.05,59399.64,0.0,0.0,0.52,0.0,BTCUSD,MCP,
2026-06-25 16:06:38,371527003,428857229,1782403598617,1,1,0,428847931,3,0.1,213.625,0.0,0.0,0.68,0.0,GBPJPY,MCP,
2026-06-25 16:09:57,371529554,0,1782403797891,1,1,0,428856512,4,0.03,4033.945,0.0,0.0,-15.0,0.0,XAUUSD,[sl 4033.94500],proactive
2026-06-25 16:24:37,371539413,428870968,1782404677444,0,0,0,428870968,3,0.1,213.69400000000002,-0.7,0.0,0.0,0.0,GBPJPY,BASKET_178240467,
2026-06-25 16:24:37,371539414,428870969,1782404677537,0,0,0,428870969,3,0.03,4041.949,-0.21,0.0,0.0,0.0,XAUUSD,BASKET_178240467,
2026-06-25 16:24:38,371539417,428870972,1782404678177,0,0,0,428870972,3,0.05,59670.69,-0.2,0.0,0.0,0.0,BTCUSD,BASKET_178240467,
2026-06-25 16:24:38,371539418,428870973,1782404678476,0,0,0,428870973,3,0.1,1.13837,-0.5,0.0,0.0,0.0,EURUSD,BASKET_178240467,
2026-06-25 16:24:38,371539421,428870977,1782404678742,0,0,0,428870977,3,0.1,1.3216800000000002,-0.5,0.0,0.0,0.0,GBPUSD,BASKET_178240467,
2026-06-25 16:35:39,371546873,428879135,1782405339073,1,1,0,428870968,3,0.1,213.68,0.0,0.0,-0.87,0.0,GBPJPY,MCP,
2026-06-25 16:36:50,371547601,428879943,1782405410313,1,1,0,428870969,3,0.03,4034.643,0.0,0.0,-21.92,0.0,XAUUSD,MCP,
2026-06-25 16:37:39,371548925,428881289,1782405459985,1,1,0,428870972,3,0.05,59328.46,0.0,0.0,-17.11,0.0,BTCUSD,MCP,
2026-06-25 16:38:00,371549221,428881611,1782405480080,1,1,0,428870973,3,0.1,1.1381700000000001,0.0,0.0,-2.0,0.0,EURUSD,MCP,
2026-06-25 16:38:12,371549319,428881721,1782405492192,1,1,0,428870977,3,0.1,1.32142,0.0,0.0,-2.6,0.0,GBPUSD,MCP,
2026-06-25 16:40:51,371550351,428882901,1782405651157,0,0,0,428882901,3,0.1,213.68,-0.7,0.0,0.0,0.0,GBPJPY,BASKET_178240564,
2026-06-25 16:40:51,371550352,428882902,1782405651240,0,0,0,428882902,3,0.03,4031.773,-0.21,0.0,0.0,0.0,XAUUSD,BASKET_178240564,
2026-06-25 16:40:51,371550353,428882903,1782405651312,0,0,0,428882903,3,0.05,59255.49,-0.2,0.0,0.0,0.0,BTCUSD,BASKET_178240564,
2026-06-25 16:40:51,371550354,428882904,1782405651409,0,0,0,428882904,3,0.1,1.13812,-0.5,0.0,0.0,0.0,EURUSD,BASKET_178240564,
2026-06-25 16:40:51,371550355,428882905,1782405651524,0,0,0,428882905,3,0.1,1.3214700000000001,-0.5,0.0,0.0,0.0,GBPUSD,BASKET_178240564,
2026-06-25 16:45:48,371552275,0,1782405948063,1,1,0,428882902,4,0.03,4026.773,0.0,0.0,-15.0,0.0,XAUUSD,[sl 4026.77300],proactive
2026-06-25 16:50:06,371556274,428889282,1782406206854,1,1,0,428882901,3,0.1,213.566,0.0,0.0,-7.05,0.0,GBPJPY,MCP,
2026-06-25 16:50:06,371556275,428889283,1782406206960,1,1,0,428882904,3,0.1,1.13769,0.0,0.0,-4.3,0.0,EURUSD,MCP,
2026-06-25 16:50:07,371556276,428889285,1782406207055,1,1,0,428882905,3,0.1,1.3206000000000002,0.0,0.0,-8.7,0.0,GBPUSD,MCP,
2026-06-25 16:50:07,371556278,428889286,1782406207157,1,1,0,428851583,3,0.03,4030.788,0.0,0.0,-31.24,0.0,XAUUSD,MCP,
2026-06-25 16:50:07,371556280,428889288,1782406207264,0,1,0,428622318,3,0.05,1.8738000000000001,0.0,0.0,-2.01,0.0,GBPCAD,MCP,
2026-06-25 16:50:07,371556283,428889291,1782406207385,1,1,0,428586627,3,0.1,0.8614700000000001,0.0,0.0,-4.09,0.0,EURGBP,MCP,
2026-06-25 16:55:48,371561000,428894484,1782406548564,0,0,0,428894484,3,0.1,213.58800000000002,-0.7,0.0,0.0,0.0,GBPJPY,BASKET_178240654,
2026-06-25 16:55:48,371561002,428894486,1782406548661,1,0,0,428894486,3,0.03,4029.42,-0.21,0.0,0.0,0.0,XAUUSD,BASKET_178240654,
2026-06-25 16:55:48,371561007,428894491,1782406548739,1,0,0,428894491,3,0.05,59172.47,-0.2,0.0,0.0,0.0,BTCUSD,BASKET_178240654,
2026-06-25 16:55:48,371561009,428894493,1782406548817,1,0,0,428894493,3,0.1,1.1373600000000001,-0.5,0.0,0.0,0.0,EURUSD,BASKET_178240654,
2026-06-25 16:55:48,371561011,428894495,1782406548907,1,0,0,428894495,3,0.1,1.32047,-0.5,0.0,0.0,0.0,GBPUSD,BASKET_178240654,
2026-06-25 17:10:20,371566570,428901109,1782407420684,1,1,0,428894484,3,0.1,213.57,0.0,0.0,-1.11,0.0,GBPJPY,MCP,
2026-06-25 17:10:20,371566571,428901110,1782407420791,0,1,0,428894486,3,0.03,4031.187,0.0,0.0,-5.3,0.0,XAUUSD,MCP,
2026-06-25 17:10:20,371566573,428901112,1782407420888,0,1,0,428894491,3,0.05,59195.17,0.0,0.0,-1.1400000000000001,0.0,BTCUSD,MCP,
2026-06-25 17:10:20,371566574,428901113,1782407420987,0,1,0,428894493,3,0.1,1.13752,0.0,0.0,-1.6,0.0,EURUSD,MCP,
2026-06-25 17:10:21,371566579,428901118,1782407421351,0,1,0,428894495,3,0.1,1.32038,0.0,0.0,0.9,0.0,GBPUSD,MCP,
2026-06-25 17:10:21,371566581,428901120,1782407421566,1,1,0,428882903,3,0.05,59183.05,0.0,0.0,-3.62,0.0,BTCUSD,MCP,
2026-06-25 17:10:21,371566583,428901122,1782407421693,1,1,0,428799943,3,0.05,213.56900000000002,0.0,0.0,3.8,0.0,GBPJPY,MCP,
2026-06-25 17:13:26,371567417,428902213,1782407606847,1,0,0,428902213,3,0.1,213.578,-0.7,0.0,0.0,0.0,GBPJPY,BASKET_178240760,
2026-06-25 17:13:27,371567419,428902215,1782407607085,0,0,0,428902215,3,0.03,4030.96,-0.21,0.0,0.0,0.0,XAUUSD,BASKET_178240760,
2026-06-25 17:13:27,371567420,428902216,1782407607174,1,0,0,428902216,3,0.05,59261.5,-0.2,0.0,0.0,0.0,BTCUSD,BASKET_178240760,
2026-06-25 17:13:27,371567422,428902219,1782407607572,1,0,0,428902219,3,0.1,1.13744,-0.5,0.0,0.0,0.0,EURUSD,BASKET_178240760,
2026-06-25 17:13:27,371567424,428902222,1782407607873,1,0,0,428902222,3,0.1,1.3203500000000001,-0.5,0.0,0.0,0.0,GBPUSD,BASKET_178240760,
2026-06-25 17:26:24,371571023,428906822,1782408384111,1,1,0,428902215,3,0.03,4034.5280000000002,0.0,0.0,10.7,0.0,XAUUSD,MCP,
2026-06-25 17:36:14,371574508,0,1782408974906,0,1,0,428902216,4,0.05,59567.98,0.0,0.0,-15.32,0.0,BTCUSD,[sl 59561.50000],proactive
2026-06-25 17:43:12,371576471,428913563,1782409392164,1,0,0,428913563,3,0.1,1.32007,-0.5,0.0,0.0,0.0,GBPUSD,BASKET_BEST_GBPU,
2026-06-25 17:43:12,371576472,428913564,1782409392257,1,0,0,428913564,3,0.1,1.32007,-0.5,0.0,0.0,0.0,GBPUSD,BASKET_BEST_GBPU,
2026-06-25 17:43:12,371576474,428913566,1782409392367,1,0,0,428913566,3,0.1,1.32007,-0.5,0.0,0.0,0.0,GBPUSD,BASKET_BEST_GBPU,
2026-06-25 17:43:12,371576478,428913570,1782409392574,1,0,0,428913570,3,0.1,1.32007,-0.5,0.0,0.0,0.0,GBPUSD,BASKET_BEST_GBPU,
2026-06-25 17:43:12,371576480,428913572,1782409392672,1,0,0,428913572,3,0.1,1.32007,-0.5,0.0,0.0,0.0,GBPUSD,BASKET_BEST_GBPU,
2026-06-25 17:43:12,371576482,428913574,1782409392802,1,0,0,428913574,3,0.1,1.32007,-0.5,0.0,0.0,0.0,GBPUSD,BASKET_BEST_GBPU,
2026-06-25 17:43:12,371576484,428913576,1782409392898,1,0,0,428913576,3,0.1,1.32007,-0.5,0.0,0.0,0.0,GBPUSD,BASKET_BEST_GBPU,
2026-06-25 17:43:12,371576486,428913578,1782409392992,1,0,0,428913578,3,0.1,1.32007,-0.5,0.0,0.0,0.0,GBPUSD,BASKET_BEST_GBPU,
2026-06-25 17:43:13,371576491,428913582,1782409393233,1,0,0,428913582,3,0.1,1.32007,-0.5,0.0,0.0,0.0,GBPUSD,BASKET_BEST_GBPU,
2026-06-25 17:43:13,371576494,428913585,1782409393318,1,0,0,428913585,3,0.1,1.32007,-0.5,0.0,0.0,0.0,GBPUSD,BASKET_BEST_GBPU,
2026-06-25 17:46:59,371578897,428916271,1782409619733,0,1,0,428902213,3,0.1,213.58800000000002,0.0,0.0,-0.62,0.0,GBPJPY,Manual Close Bas,
2026-06-25 17:46:59,371578900,428916273,1782409619820,0,1,0,428902219,3,0.1,1.13728,0.0,0.0,1.6,0.0,EURUSD,Manual Close Bas,
2026-06-25 17:46:59,371578901,428916274,1782409619904,0,1,0,428902222,3,0.1,1.3200800000000001,0.0,0.0,2.7,0.0,GBPUSD,Manual Close Bas,
2026-06-25 17:59:59,371583820,428922213,1782410399660,0,0,0,428922213,3,0.1,213.58900000000003,-0.7,0.0,0.0,0.0,GBPJPY,BASKET_178241039,
2026-06-25 17:59:59,371583821,428922214,1782410399762,0,0,0,428922214,3,0.03,4034.698,-0.21,0.0,0.0,0.0,XAUUSD,BASKET_178241039,
2026-06-25 18:00:00,371583831,428922224,1782410400006,0,0,0,428922224,3,0.05,59592.65,-0.2,0.0,0.0,0.0,BTCUSD,BASKET_178241039,
2026-06-25 18:00:00,371583832,428922225,1782410400120,1,0,0,428922225,3,0.1,1.13744,-0.5,0.0,0.0,0.0,EURUSD,BASKET_178241039,
2026-06-25 18:00:00,371583837,428922231,1782410400219,1,0,0,428922231,3,0.1,1.3202,-0.5,0.0,0.0,0.0,GBPUSD,BASKET_178241039,
2026-06-25 18:01:09,371584271,428922802,1782410469718,1,1,0,428922224,3,0.05,59664.44,0.0,0.0,3.59,0.0,BTCUSD,MCP,
2026-06-25 18:02:03,371584505,428923110,1782410523976,0,1,0,428913563,3,0.1,1.3199600000000002,0.0,0.0,1.1,0.0,GBPUSD,MCP,
2026-06-25 18:02:04,371584508,428923113,1782410524264,0,1,0,428913564,3,0.1,1.3199600000000002,0.0,0.0,1.1,0.0,GBPUSD,MCP,
2026-06-25 18:02:04,371584509,428923114,1782410524478,0,1,0,428913566,3,0.1,1.3199600000000002,0.0,0.0,1.1,0.0,GBPUSD,MCP,
2026-06-25 18:02:04,371584512,428923117,1782410524747,0,1,0,428913570,3,0.1,1.3199600000000002,0.0,0.0,1.1,0.0,GBPUSD,MCP,
2026-06-25 18:02:04,371584514,428923119,1782410524883,0,1,0,428913572,3,0.1,1.3199600000000002,0.0,0.0,1.1,0.0,GBPUSD,MCP,
2026-06-25 18:02:04,371584515,428923120,1782410524989,0,1,0,428913574,3,0.1,1.3199600000000002,0.0,0.0,1.1,0.0,GBPUSD,MCP,
2026-06-25 18:02:05,371584516,428923121,1782410525156,0,1,0,428913576,3,0.1,1.3199600000000002,0.0,0.0,1.1,0.0,GBPUSD,MCP,
2026-06-25 18:02:05,371584517,428923124,1782410525368,0,1,0,428913578,3,0.1,1.3199600000000002,0.0,0.0,1.1,0.0,GBPUSD,MCP,
2026-06-25 18:02:05,371584518,428923127,1782410525486,0,1,0,428913582,3,0.1,1.3199600000000002,0.0,0.0,1.1,0.0,GBPUSD,MCP,
2026-06-25 18:02:05,371584519,428923128,1782410525627,0,1,0,428913585,3,0.1,1.3199600000000002,0.0,0.0,1.1,0.0,GBPUSD,MCP,
2026-06-25 18:02:07,371584559,428923171,1782410527880,0,1,0,428922231,3,0.1,1.3198400000000001,0.0,0.0,3.6,0.0,GBPUSD,MCP,
2026-06-25 18:02:18,371584707,428923320,1782410538093,0,1,0,428922225,3,0.1,1.1371300000000002,0.0,0.0,3.1,0.0,EURUSD,MCP,
2026-06-25 18:02:20,371584739,428923331,1782410540406,1,1,0,428922214,4,0.03,4029.78,0.0,0.0,-14.75,0.0,XAUUSD,[sl 4029.780],
2026-06-25 18:07:55,371587418,428926398,1782410875664,1,0,0,428926398,3,0.1,213.536,-0.7,0.0,0.0,0.0,GBPJPY,BASKET_178241087,
2026-06-25 18:07:55,371587419,428926399,1782410875766,0,0,0,428926399,3,0.03,4030.819,-0.21,0.0,0.0,0.0,XAUUSD,BASKET_178241087,
2026-06-25 18:07:55,371587420,428926402,1782410875873,0,0,0,428926402,3,0.05,59537.94,-0.2,0.0,0.0,0.0,BTCUSD,BASKET_178241087,
2026-06-25 18:07:56,371587421,428926403,1782410876052,1,0,0,428926403,3,0.1,1.13741,-0.5,0.0,0.0,0.0,EURUSD,BASKET_178241087,
2026-06-25 18:07:56,371587423,428926405,1782410876142,1,0,0,428926405,3,0.1,1.31977,-0.5,0.0,0.0,0.0,GBPUSD,BASKET_178241087,
2026-06-25 18:08:06,371587465,428926459,1782410886911,1,0,0,428926459,3,0.1,1.31972,-0.5,0.0,0.0,0.0,GBPUSD,BASKET_BEST_GBPU,
2026-06-25 18:08:07,371587466,428926460,1782410887079,1,0,0,428926460,3,0.1,1.31972,-0.5,0.0,0.0,0.0,GBPUSD,BASKET_BEST_GBPU,
2026-06-25 18:08:07,371587467,428926461,1782410887241,1,0,0,428926461,3,0.1,1.31972,-0.5,0.0,0.0,0.0,GBPUSD,BASKET_BEST_GBPU,
2026-06-25 18:08:07,371587468,428926462,1782410887319,1,0,0,428926462,3,0.1,1.31972,-0.5,0.0,0.0,0.0,GBPUSD,BASKET_BEST_GBPU,
2026-06-25 18:08:07,371587470,428926464,1782410887448,1,0,0,428926464,3,0.1,1.31972,-0.5,0.0,0.0,0.0,GBPUSD,BASKET_BEST_GBPU,
2026-06-25 18:08:07,371587471,428926467,1782410887565,1,0,0,428926467,3,0.1,1.31972,-0.5,0.0,0.0,0.0,GBPUSD,BASKET_BEST_GBPU,
2026-06-25 18:08:07,371587472,428926468,1782410887736,1,0,0,428926468,3,0.1,1.31972,-0.5,0.0,0.0,0.0,GBPUSD,BASKET_BEST_GBPU,
2026-06-25 18:08:07,371587475,428926469,1782410887917,1,0,0,428926469,3,0.1,1.31972,-0.5,0.0,0.0,0.0,GBPUSD,BASKET_BEST_GBPU,
2026-06-25 18:08:08,371587478,428926472,1782410888032,1,0,0,428926472,3,0.1,1.31972,-0.5,0.0,0.0,0.0,GBPUSD,BASKET_BEST_GBPU,
2026-06-25 18:08:08,371587479,428926474,1782410888209,1,0,0,428926474,3,0.1,1.31972,-0.5,0.0,0.0,0.0,GBPUSD,BASKET_BEST_GBPU,
2026-06-25 18:09:31,371587986,428927068,1782410971367,1,1,0,428926399,3,0.03,4031.955,0.0,0.0,3.41,0.0,XAUUSD,MCP,
2026-06-25 18:19:04,371590698,428930289,1782411544434,1,1,0,428926402,3,0.05,59636.07,0.0,0.0,4.9,0.0,BTCUSD,MCP,
2026-06-25 19:13:20,371614421,428957536,1782414800368,0,1,0,428926403,3,0.1,1.1371,0.0,0.0,3.1,0.0,EURUSD,MCP,
2026-06-25 19:50:08,371630907,428976641,1782417008264,0,1,0,428926459,3,0.1,1.3196200000000002,0.0,0.0,1.0,0.0,GBPUSD,MCP,
2026-06-25 19:50:08,371630910,428976642,1782417008419,0,1,0,428926460,3,0.1,1.3196200000000002,0.0,0.0,1.0,0.0,GBPUSD,MCP,
2026-06-25 19:50:08,371630912,428976645,1782417008538,0,1,0,428926461,3,0.1,1.3196100000000002,0.0,0.0,1.1,0.0,GBPUSD,MCP,
2026-06-25 19:50:08,371630914,428976647,1782417008648,0,1,0,428926462,3,0.1,1.3196100000000002,0.0,0.0,1.1,0.0,GBPUSD,MCP,
2026-06-25 19:50:08,371630921,428976656,1782417008768,0,1,0,428926464,3,0.1,1.3196100000000002,0.0,0.0,1.1,0.0,GBPUSD,MCP,
2026-06-25 19:50:08,371630922,428976657,1782417008924,0,1,0,428926467,3,0.1,1.3196100000000002,0.0,0.0,1.1,0.0,GBPUSD,MCP,
2026-06-25 19:50:09,371630925,428976661,1782417009098,0,1,0,428926468,3,0.1,1.3196100000000002,0.0,0.0,1.1,0.0,GBPUSD,MCP,
2026-06-25 19:50:09,371630929,428976665,1782417009290,0,1,0,428926469,3,0.1,1.3196,0.0,0.0,1.2,0.0,GBPUSD,MCP,
2026-06-25 19:50:09,371630930,428976670,1782417009414,0,1,0,428926472,3,0.1,1.3196,0.0,0.0,1.2,0.0,GBPUSD,MCP,
2026-06-25 19:50:09,371630931,428976673,1782417009530,0,1,0,428926474,3,0.1,1.3196,0.0,0.0,1.2,0.0,GBPUSD,MCP,
2026-06-25 19:50:11,371630947,428976690,1782417011290,1,0,0,428976690,3,0.03,4025.906,-0.21,0.0,0.0,0.0,XAUUSD,BASKET_BEST_XAUU,
2026-06-25 19:50:11,371630956,428976700,1782417011384,1,0,0,428976700,3,0.03,4026.0,-0.21,0.0,0.0,0.0,XAUUSD,BASKET_BEST_XAUU,
2026-06-25 19:50:11,371630970,428976714,1782417011456,1,0,0,428976714,3,0.03,4026.0,-0.21,0.0,0.0,0.0,XAUUSD,BASKET_BEST_XAUU,
2026-06-25 19:50:11,371630971,428976715,1782417011535,1,0,0,428976715,3,0.03,4025.835,-0.21,0.0,0.0,0.0,XAUUSD,BASKET_BEST_XAUU,
2026-06-25 19:50:11,371630973,428976718,1782417011621,1,0,0,428976718,3,0.03,4025.63,-0.21,0.0,0.0,0.0,XAUUSD,BASKET_BEST_XAUU,
2026-06-25 19:50:11,371630974,428976719,1782417011806,1,0,0,428976719,3,0.03,4025.739,-0.21,0.0,0.0,0.0,XAUUSD,BASKET_BEST_XAUU,
2026-06-25 19:50:11,371630976,428976722,1782417011885,1,0,0,428976722,3,0.03,4025.739,-0.21,0.0,0.0,0.0,XAUUSD,BASKET_BEST_XAUU,
2026-06-25 19:50:11,371630977,428976723,1782417011956,1,0,0,428976723,3,0.03,4026.012,-0.21,0.0,0.0,0.0,XAUUSD,BASKET_BEST_XAUU,
2026-06-25 19:50:12,371630978,428976724,1782417012036,1,0,0,428976724,3,0.03,4026.012,-0.21,0.0,0.0,0.0,XAUUSD,BASKET_BEST_XAUU,
2026-06-25 19:50:12,371630980,428976726,1782417012130,1,0,0,428976726,3,0.03,4026.012,-0.21,0.0,0.0,0.0,XAUUSD,BASKET_BEST_XAUU,
2026-06-25 19:50:17,371631049,428976789,1782417017668,0,1,0,428926405,3,0.1,1.3194200000000003,0.0,0.0,3.5,0.0,GBPUSD,MCP,
2026-06-25 19:50:17,371631051,428976792,1782417017792,0,1,0,428976690,3,0.03,4025.033,0.0,0.0,2.62,0.0,XAUUSD,MCP,
2026-06-25 19:50:17,371631053,428976794,1782417017894,0,1,0,428976700,3,0.03,4025.377,0.0,0.0,1.87,0.0,XAUUSD,MCP,
2026-06-25 19:50:17,371631054,428976797,1782417017997,0,1,0,428976714,3,0.03,4025.377,0.0,0.0,1.87,0.0,XAUUSD,MCP,
2026-06-25 19:50:18,371631057,428976799,1782417018118,0,1,0,428976715,3,0.03,4025.377,0.0,0.0,1.38,0.0,XAUUSD,MCP,
2026-06-25 19:50:18,371631059,428976802,1782417018221,0,1,0,428976719,3,0.03,4025.814,0.0,0.0,-0.22,0.0,XAUUSD,MCP,
2026-06-25 19:50:18,371631061,428976804,1782417018341,0,1,0,428976722,3,0.03,4025.693,0.0,0.0,0.14,0.0,XAUUSD,MCP,
2026-06-25 19:50:18,371631065,428976805,1782417018634,0,1,0,428976723,3,0.03,4025.643,0.0,0.0,1.11,0.0,XAUUSD,MCP,
2026-06-25 19:50:18,371631066,428976806,1782417018751,0,1,0,428976724,3,0.03,4025.643,0.0,0.0,1.11,0.0,XAUUSD,MCP,
2026-06-25 19:50:18,371631069,428976809,1782417018866,0,1,0,428976726,3,0.03,4025.696,0.0,0.0,0.95,0.0,XAUUSD,MCP,
2026-06-25 19:50:47,371631296,428977058,1782417047082,0,1,0,428976718,3,0.03,4024.55,0.0,0.0,3.24,0.0,XAUUSD,MCP,
2026-06-25 19:51:17,371632130,428977930,1782417077422,1,0,0,428977930,3,0.03,4022.953,-0.21,0.0,0.0,0.0,XAUUSD,BASKET_BEST_XAUU,
2026-06-25 19:51:17,371632132,428977932,1782417077555,1,0,0,428977932,3,0.03,4022.953,-0.21,0.0,0.0,0.0,XAUUSD,BASKET_BEST_XAUU,
2026-06-25 19:51:17,371632134,428977934,1782417077717,1,0,0,428977934,3,0.03,4022.953,-0.21,0.0,0.0,0.0,XAUUSD,BASKET_BEST_XAUU,
2026-06-25 19:51:17,371632135,428977935,1782417077796,1,0,0,428977935,3,0.03,4022.953,-0.21,0.0,0.0,0.0,XAUUSD,BASKET_BEST_XAUU,
2026-06-25 19:51:17,371632136,428977936,1782417077875,1,0,0,428977936,3,0.03,4022.953,-0.21,0.0,0.0,0.0,XAUUSD,BASKET_BEST_XAUU,
2026-06-25 19:51:18,371632137,428977937,1782417078017,1,0,0,428977937,3,0.03,4022.953,-0.21,0.0,0.0,0.0,XAUUSD,BASKET_BEST_XAUU,
2026-06-25 19:51:18,371632139,428977939,1782417078328,1,0,0,428977939,3,0.03,4022.928,-0.21,0.0,0.0,0.0,XAUUSD,BASKET_BEST_XAUU,
2026-06-25 19:51:18,371632140,428977940,1782417078408,1,0,0,428977940,3,0.03,4022.928,-0.21,0.0,0.0,0.0,XAUUSD,BASKET_BEST_XAUU,
2026-06-25 19:51:18,371632141,428977941,1782417078511,1,0,0,428977941,3,0.03,4022.928,-0.21,0.0,0.0,0.0,XAUUSD,BASKET_BEST_XAUU,
2026-06-25 19:51:18,371632142,428977942,1782417078585,1,0,0,428977942,3,0.03,4022.928,-0.21,0.0,0.0,0.0,XAUUSD,BASKET_BEST_XAUU,
2026-06-25 19:55:56,371633784,428979929,1782417356128,1,0,0,428979929,3,0.03,4022.739,-0.21,0.0,0.0,0.0,XAUUSD,BASKET_BEST_XAUU,
2026-06-25 19:55:56,371633785,428979930,1782417356209,1,0,0,428979930,3,0.03,4022.739,-0.21,0.0,0.0,0.0,XAUUSD,BASKET_BEST_XAUU,
2026-06-25 19:55:56,371633786,428979931,1782417356347,1,0,0,428979931,3,0.03,4022.681,-0.21,0.0,0.0,0.0,XAUUSD,BASKET_BEST_XAUU,
2026-06-25 19:55:56,371633787,428979932,1782417356429,1,0,0,428979932,3,0.03,4022.681,-0.21,0.0,0.0,0.0,XAUUSD,BASKET_BEST_XAUU,
2026-06-25 19:55:56,371633789,428979933,1782417356516,1,0,0,428979933,3,0.03,4022.681,-0.21,0.0,0.0,0.0,XAUUSD,BASKET_BEST_XAUU,
2026-06-25 19:55:56,371633790,428979934,1782417356585,1,0,0,428979934,3,0.03,4022.681,-0.21,0.0,0.0,0.0,XAUUSD,BASKET_BEST_XAUU,
2026-06-25 19:55:56,371633791,428979935,1782417356654,1,0,0,428979935,3,0.03,4022.681,-0.21,0.0,0.0,0.0,XAUUSD,BASKET_BEST_XAUU,
2026-06-25 19:55:56,371633792,428979937,1782417356722,1,0,0,428979937,3,0.03,4022.681,-0.21,0.0,0.0,0.0,XAUUSD,BASKET_BEST_XAUU,
2026-06-25 19:55:56,371633793,428979938,1782417356828,1,0,0,428979938,3,0.03,4022.681,-0.21,0.0,0.0,0.0,XAUUSD,BASKET_BEST_XAUU,
2026-06-25 19:55:56,371633794,428979939,1782417356952,1,0,0,428979939,3,0.03,4022.681,-0.21,0.0,0.0,0.0,XAUUSD,BASKET_BEST_XAUU,
2026-06-25 19:55:57,371633799,428979943,1782417357879,0,1,0,428977930,3,0.03,4022.505,0.0,0.0,1.34,0.0,XAUUSD,MCP,
2026-06-25 19:55:58,371633800,428979944,1782417358031,0,1,0,428977932,3,0.03,4022.505,0.0,0.0,1.34,0.0,XAUUSD,MCP,
2026-06-25 19:55:58,371633801,428979945,1782417358134,0,1,0,428977934,3,0.03,4022.505,0.0,0.0,1.34,0.0,XAUUSD,MCP,
2026-06-25 19:55:58,371633802,428979946,1782417358239,0,1,0,428977935,3,0.03,4022.505,0.0,0.0,1.34,0.0,XAUUSD,MCP,
2026-06-25 19:55:58,371633804,428979947,1782417358328,0,1,0,428977936,3,0.03,4022.353,0.0,0.0,1.8,0.0,XAUUSD,MCP,
2026-06-25 19:55:58,371633805,428979949,1782417358839,0,1,0,428977937,3,0.03,4022.353,0.0,0.0,1.8,0.0,XAUUSD,MCP,
2026-06-25 19:55:58,371633806,428979951,1782417358938,0,1,0,428977939,3,0.03,4022.353,0.0,0.0,1.72,0.0,XAUUSD,MCP,
2026-06-25 19:55:59,371633807,428979952,1782417359031,0,1,0,428977940,3,0.03,4022.353,0.0,0.0,1.72,0.0,XAUUSD,MCP,
2026-06-25 19:55:59,371633808,428979953,1782417359125,0,1,0,428977941,3,0.03,4022.353,0.0,0.0,1.72,0.0,XAUUSD,MCP,
2026-06-25 19:55:59,371633809,428979954,1782417359217,0,1,0,428977942,3,0.03,4022.353,0.0,0.0,1.72,0.0,XAUUSD,MCP,
2026-06-25 19:55:59,371633810,428979955,1782417359303,0,1,0,428979929,3,0.03,4022.353,0.0,0.0,1.16,0.0,XAUUSD,MCP,
2026-06-25 19:55:59,371633811,428979956,1782417359400,0,1,0,428979930,3,0.03,4022.353,0.0,0.0,1.16,0.0,XAUUSD,MCP,
2026-06-25 19:55:59,371633813,428979958,1782417359493,0,1,0,428979931,3,0.03,4022.353,0.0,0.0,0.98,0.0,XAUUSD,MCP,
2026-06-25 19:55:59,371633815,428979960,1782417359592,0,1,0,428979932,3,0.03,4022.452,0.0,0.0,0.68,0.0,XAUUSD,MCP,
2026-06-25 19:55:59,371633816,428979961,1782417359683,0,1,0,428979933,3,0.03,4022.452,0.0,0.0,0.68,0.0,XAUUSD,MCP,
2026-06-25 19:55:59,371633818,428979964,1782417359786,0,1,0,428979934,3,0.03,4022.452,0.0,0.0,0.68,0.0,XAUUSD,MCP,
2026-06-25 19:55:59,371633819,428979966,1782417359884,0,1,0,428979935,3,0.03,4022.452,0.0,0.0,0.68,0.0,XAUUSD,MCP,
2026-06-25 19:55:59,371633820,428979968,1782417359992,0,1,0,428979937,3,0.03,4022.452,0.0,0.0,0.68,0.0,XAUUSD,MCP,
2026-06-25 19:56:00,371633822,428979970,1782417360100,0,1,0,428979938,3,0.03,4022.452,0.0,0.0,0.68,0.0,XAUUSD,MCP,
2026-06-25 19:56:00,371633823,428979971,1782417360209,0,1,0,428979939,3,0.03,4022.833,0.0,0.0,-0.46,0.0,XAUUSD,MCP,
2026-06-25 19:56:42,371634199,428980420,1782417402370,1,0,0,428980420,3,0.03,4023.3050000000003,-0.21,0.0,0.0,0.0,XAUUSD,BASKET_BEST_XAUU,
2026-06-25 19:56:43,371634201,428980422,1782417403630,1,0,0,428980422,3,0.03,4023.262,-0.21,0.0,0.0,0.0,XAUUSD,BASKET_BEST_XAUU,
2026-06-25 19:56:44,371634204,428980424,1782417404924,1,0,0,428980424,3,0.03,4023.19,-0.21,0.0,0.0,0.0,XAUUSD,BASKET_BEST_XAUU,
2026-06-25 19:56:45,371634215,428980428,1782417405716,1,0,0,428980428,3,0.03,4023.356,-0.21,0.0,0.0,0.0,XAUUSD,BASKET_BEST_XAUU,
2026-06-25 19:56:46,371634227,428980442,1782417406837,1,0,0,428980442,3,0.03,4023.152,-0.21,0.0,0.0,0.0,XAUUSD,BASKET_BEST_XAUU,
2026-06-25 19:56:47,371634232,428980454,1782417407701,1,0,0,428980454,3,0.03,4023.152,-0.21,0.0,0.0,0.0,XAUUSD,BASKET_BEST_XAUU,
2026-06-25 19:56:48,371634254,428980459,1782417408557,1,0,0,428980459,3,0.03,4022.7090000000003,-0.21,0.0,0.0,0.0,XAUUSD,BASKET_BEST_XAUU,
2026-06-25 19:56:50,371634268,428980485,1782417410067,1,0,0,428980485,3,0.03,4022.734,-0.21,0.0,0.0,0.0,XAUUSD,BASKET_BEST_XAUU,
2026-06-25 19:56:51,371634270,428980499,1782417411427,1,0,0,428980499,3,0.03,4022.65,-0.21,0.0,0.0,0.0,XAUUSD,BASKET_BEST_XAUU,
2026-06-25 19:56:52,371634271,428980507,1782417412425,1,0,0,428980507,3,0.03,4022.606,-0.21,0.0,0.0,0.0,XAUUSD,BASKET_BEST_XAUU,
2026-06-25 19:56:53,371634272,428980509,1782417413813,0,1,0,428980428,3,0.03,4022.891,0.0,0.0,1.4,0.0,XAUUSD,MCP,
2026-06-25 19:58:22,371634817,428981174,1782417502172,1,0,0,428981174,3,0.05,59238.62,-0.2,0.0,0.0,0.0,BTCUSD,BASKET_BEST_BTCU,
2026-06-25 19:58:22,371634818,428981175,1782417502252,1,0,0,428981175,3,0.05,59238.62,-0.2,0.0,0.0,0.0,BTCUSD,BASKET_BEST_BTCU,
2026-06-25 19:58:22,371634819,428981177,1782417502331,1,0,0,428981177,3,0.05,59238.62,-0.2,0.0,0.0,0.0,BTCUSD,BASKET_BEST_BTCU,
2026-06-25 19:58:22,371634821,428981179,1782417502411,1,0,0,428981179,3,0.05,59238.62,-0.2,0.0,0.0,0.0,BTCUSD,BASKET_BEST_BTCU,
2026-06-25 19:58:22,371634822,428981180,1782417502480,1,0,0,428981180,3,0.05,59238.62,-0.2,0.0,0.0,0.0,BTCUSD,BASKET_BEST_BTCU,
2026-06-25 19:58:22,371634824,428981182,1782417502549,1,0,0,428981182,3,0.05,59238.62,-0.2,0.0,0.0,0.0,BTCUSD,BASKET_BEST_BTCU,
2026-06-25 19:58:22,371634827,428981185,1782417502944,1,0,0,428981185,3,0.05,59238.62,-0.2,0.0,0.0,0.0,BTCUSD,BASKET_BEST_BTCU,
2026-06-25 19:58:23,371634828,428981186,1782417503015,1,0,0,428981186,3,0.05,59238.62,-0.2,0.0,0.0,0.0,BTCUSD,BASKET_BEST_BTCU,
2026-06-25 19:58:23,371634829,428981187,1782417503082,1,0,0,428981187,3,0.05,59238.62,-0.2,0.0,0.0,0.0,BTCUSD,BASKET_BEST_BTCU,
2026-06-25 19:58:23,371634831,428981189,1782417503162,1,0,0,428981189,3,0.05,59238.62,-0.2,0.0,0.0,0.0,BTCUSD,BASKET_BEST_BTCU,
2026-06-25 19:59:16,371635259,428981680,1782417556261,0,1,0,428981174,3,0.05,59214.28,0.0,0.0,1.22,0.0,BTCUSD,MCP,
2026-06-25 19:59:16,371635262,428981685,1782417556977,0,1,0,428981175,3,0.05,59214.28,0.0,0.0,1.22,0.0,BTCUSD,MCP,
2026-06-25 19:59:17,371635263,428981686,1782417557072,0,1,0,428981177,3,0.05,59214.28,0.0,0.0,1.22,0.0,BTCUSD,MCP,
2026-06-25 19:59:17,371635264,428981687,1782417557223,0,1,0,428981179,3,0.05,59214.28,0.0,0.0,1.22,0.0,BTCUSD,MCP,
2026-06-25 19:59:17,371635265,428981688,1782417557310,0,1,0,428981180,3,0.05,59214.28,0.0,0.0,1.22,0.0,BTCUSD,MCP,
2026-06-25 19:59:17,371635266,428981689,1782417557402,0,1,0,428981182,3,0.05,59214.28,0.0,0.0,1.22,0.0,BTCUSD,MCP,
2026-06-25 19:59:17,371635267,428981690,1782417557497,0,1,0,428981185,3,0.05,59214.28,0.0,0.0,1.22,0.0,BTCUSD,MCP,
2026-06-25 19:59:17,371635268,428981691,1782417557595,0,1,0,428981186,3,0.05,59214.28,0.0,0.0,1.22,0.0,BTCUSD,MCP,
2026-06-25 19:59:17,371635269,428981693,1782417557693,0,1,0,428981187,3,0.05,59214.28,0.0,0.0,1.22,0.0,BTCUSD,MCP,
2026-06-25 19:59:17,371635270,428981694,1782417557880,0,1,0,428981189,3,0.05,59214.28,0.0,0.0,1.22,0.0,BTCUSD,MCP,
2026-06-25 19:59:45,371635351,428981810,1782417585398,0,1,0,428980507,4,0.03,4027.65,0.0,0.0,-15.13,0.0,XAUUSD,[sl 4027.650],
2026-06-25 19:59:45,371635353,0,1782417585437,0,1,0,428980485,4,0.03,4027.709,0.0,0.0,-14.93,0.0,XAUUSD,[sl 4027.70900],proactive
2026-06-25 19:59:45,371635356,0,1782417585477,0,1,0,428980499,4,0.03,4027.734,0.0,0.0,-15.25,0.0,XAUUSD,[sl 4027.73400],proactive
2026-06-25 19:59:48,371635402,428981866,1782417588599,1,0,0,428981866,3,0.05,59185.840000000004,-0.2,0.0,0.0,0.0,BTCUSD,BASKET_BEST_BTCU,
2026-06-25 19:59:48,371635403,428981867,1782417588706,1,0,0,428981867,3,0.05,59185.840000000004,-0.2,0.0,0.0,0.0,BTCUSD,BASKET_BEST_BTCU,
2026-06-25 19:59:48,371635404,428981868,1782417588776,1,0,0,428981868,3,0.05,59185.840000000004,-0.2,0.0,0.0,0.0,BTCUSD,BASKET_BEST_BTCU,
2026-06-25 19:59:48,371635405,428981870,1782417588854,1,0,0,428981870,3,0.05,59185.840000000004,-0.2,0.0,0.0,0.0,BTCUSD,BASKET_BEST_BTCU,
2026-06-25 19:59:48,371635407,428981872,1782417588921,1,0,0,428981872,3,0.05,59185.840000000004,-0.2,0.0,0.0,0.0,BTCUSD,BASKET_BEST_BTCU,
2026-06-25 19:59:48,371635408,428981877,1782417588986,1,0,0,428981877,3,0.05,59185.840000000004,-0.2,0.0,0.0,0.0,BTCUSD,BASKET_BEST_BTCU,
2026-06-25 19:59:49,371635412,428981879,1782417589325,1,0,0,428981879,3,0.05,59190.22,-0.2,0.0,0.0,0.0,BTCUSD,BASKET_BEST_BTCU,
2026-06-25 19:59:49,371635414,428981880,1782417589447,1,0,0,428981880,3,0.05,59190.22,-0.2,0.0,0.0,0.0,BTCUSD,BASKET_BEST_BTCU,
2026-06-25 19:59:49,371635415,428981881,1782417589525,1,0,0,428981881,3,0.05,59190.22,-0.2,0.0,0.0,0.0,BTCUSD,BASKET_BEST_BTCU,
2026-06-25 19:59:49,371635416,428981884,1782417589708,1,0,0,428981884,3,0.05,59200.87,-0.2,0.0,0.0,0.0,BTCUSD,BASKET_BEST_BTCU,
2026-06-25 20:00:35,371635621,0,1782417635410,0,1,0,428980454,4,0.03,4028.152,0.0,0.0,-15.0,0.0,XAUUSD,[sl 4028.15200],proactive
2026-06-25 20:00:35,371635622,0,1782417635425,0,1,0,428980459,4,0.03,4028.152,0.0,0.0,-16.33,0.0,XAUUSD,[sl 4028.15200],proactive
2026-06-25 20:00:35,371635625,428982193,1782417635482,0,1,0,428980424,4,0.03,4028.262,0.0,0.0,-15.22,0.0,XAUUSD,[sl 4028.262],
2026-06-25 20:00:38,371635642,428982213,1782417638268,0,1,0,428980442,4,0.03,4028.356,0.0,0.0,-15.61,0.0,XAUUSD,[sl 4028.356],
2026-06-25 20:00:38,371635643,0,1782417638287,0,1,0,428980422,4,0.03,4028.305,0.0,0.0,-15.13,0.0,XAUUSD,[sl 4028.30500],proactive
2026-06-25 20:00:38,371635653,0,1782417638703,0,1,0,428980420,4,0.03,4028.904,0.0,0.0,-16.79,0.0,XAUUSD,[sl 4028.40700],proactive
2026-06-25 20:01:08,371635889,0,1782417668604,0,1,0,428981880,4,0.05,59493.26,0.0,0.0,-15.15,0.0,BTCUSD,[sl 59490.22000],proactive
2026-06-25 20:01:08,371635891,428982487,1782417668604,0,1,0,428981884,4,0.05,59490.22,0.0,0.0,-14.47,0.0,BTCUSD,[sl 59490.22],
2026-06-25 20:01:08,371635893,0,1782417668611,0,1,0,428981877,4,0.05,59493.26,0.0,0.0,-15.37,0.0,BTCUSD,[sl 59485.84000],proactive
2026-06-25 20:01:08,371635894,0,1782417668615,0,1,0,428981870,4,0.05,59493.26,0.0,0.0,-15.37,0.0,BTCUSD,[sl 59485.84000],proactive
2026-06-25 20:01:08,371635895,428982484,1782417668621,0,1,0,428981879,4,0.05,59493.26,0.0,0.0,-15.15,0.0,BTCUSD,[sl 59485.84],
2026-06-25 20:01:08,371635896,428982480,1782417668624,0,1,0,428981868,4,0.05,59493.26,0.0,0.0,-15.37,0.0,BTCUSD,[sl 59485.84],
2026-06-25 20:01:08,371635897,0,1782417668653,0,1,0,428981867,4,0.05,59493.26,0.0,0.0,-15.37,0.0,BTCUSD,[sl 59485.84000],proactive
2026-06-25 20:01:08,371635898,0,1782417668661,0,1,0,428981881,4,0.05,59496.55,0.0,0.0,-15.32,0.0,BTCUSD,[sl 59490.22000],proactive
2026-06-25 20:01:08,371635899,428982478,1782417668667,0,1,0,428981866,4,0.05,59496.55,0.0,0.0,-15.54,0.0,BTCUSD,[sl 59485.84],
2026-06-25 20:01:08,371635900,428982482,1782417668694,0,1,0,428981872,4,0.05,59498.03,0.0,0.0,-15.61,0.0,BTCUSD,[sl 59485.84],
2026-06-25 20:03:49,371636883,428983602,1782417829522,1,0,0,428983602,3,0.1,1.1373000000000002,-0.5,0.0,0.0,0.0,EURUSD,BASKET_BEST_EURU,
2026-06-25 20:03:49,371636884,428983603,1782417829596,1,0,0,428983603,3,0.1,1.1373000000000002,-0.5,0.0,0.0,0.0,EURUSD,BASKET_BEST_EURU,
2026-06-25 20:03:49,371636885,428983604,1782417829667,1,0,0,428983604,3,0.1,1.1373000000000002,-0.5,0.0,0.0,0.0,EURUSD,BASKET_BEST_EURU,
2026-06-25 20:03:49,371636886,428983605,1782417829749,1,0,0,428983605,3,0.1,1.1373000000000002,-0.5,0.0,0.0,0.0,EURUSD,BASKET_BEST_EURU,
2026-06-25 20:03:49,371636887,428983606,1782417829915,1,0,0,428983606,3,0.1,1.1373000000000002,-0.5,0.0,0.0,0.0,EURUSD,BASKET_BEST_EURU,
2026-06-25 20:03:49,371636888,428983607,1782417829983,1,0,0,428983607,3,0.1,1.1373000000000002,-0.5,0.0,0.0,0.0,EURUSD,BASKET_BEST_EURU,
2026-06-25 20:03:50,371636890,428983609,1782417830053,1,0,0,428983609,3,0.1,1.1373000000000002,-0.5,0.0,0.0,0.0,EURUSD,BASKET_BEST_EURU,
2026-06-25 20:03:50,371636891,428983610,1782417830123,1,0,0,428983610,3,0.1,1.1373000000000002,-0.5,0.0,0.0,0.0,EURUSD,BASKET_BEST_EURU,
2026-06-25 20:03:50,371636892,428983611,1782417830203,1,0,0,428983611,3,0.1,1.1373000000000002,-0.5,0.0,0.0,0.0,EURUSD,BASKET_BEST_EURU,
2026-06-25 20:03:50,371636893,428983612,1782417830310,1,0,0,428983612,3,0.1,1.1373000000000002,-0.5,0.0,0.0,0.0,EURUSD,BASKET_BEST_EURU,
2026-06-25 20:04:37,371636974,428983736,1782417877988,1,0,0,428983736,3,0.1,1.1373300000000002,-0.5,0.0,0.0,0.0,EURUSD,BASKET_BEST_EURU,
2026-06-25 20:04:38,371636975,428983737,1782417878119,1,0,0,428983737,3,0.1,1.1373300000000002,-0.5,0.0,0.0,0.0,EURUSD,BASKET_BEST_EURU,
2026-06-25 20:04:38,371636976,428983738,1782417878187,1,0,0,428983738,3,0.1,1.1373300000000002,-0.5,0.0,0.0,0.0,EURUSD,BASKET_BEST_EURU,
2026-06-25 20:04:38,371636977,428983739,1782417878254,1,0,0,428983739,3,0.1,1.13735,-0.5,0.0,0.0,0.0,EURUSD,BASKET_BEST_EURU,
2026-06-25 20:04:38,371636978,428983740,1782417878326,1,0,0,428983740,3,0.1,1.13735,-0.5,0.0,0.0,0.0,EURUSD,BASKET_BEST_EURU,
2026-06-25 20:04:38,371636979,428983741,1782417878393,1,0,0,428983741,3,0.1,1.13735,-0.5,0.0,0.0,0.0,EURUSD,BASKET_BEST_EURU,
2026-06-25 20:04:38,371636981,428983743,1782417878462,1,0,0,428983743,3,0.1,1.13737,-0.5,0.0,0.0,0.0,EURUSD,BASKET_BEST_EURU,
2026-06-25 20:04:38,371636982,428983744,1782417878529,1,0,0,428983744,3,0.1,1.13737,-0.5,0.0,0.0,0.0,EURUSD,BASKET_BEST_EURU,
2026-06-25 20:04:38,371636983,428983745,1782417878603,1,0,0,428983745,3,0.1,1.13737,-0.5,0.0,0.0,0.0,EURUSD,BASKET_BEST_EURU,
2026-06-25 20:04:38,371636984,428983746,1782417878675,1,0,0,428983746,3,0.1,1.13737,-0.5,0.0,0.0,0.0,EURUSD,BASKET_BEST_EURU,
2026-06-25 20:05:31,371637098,428983897,1782417931395,0,1,0,428983602,3,0.1,1.13724,0.0,0.0,0.6,0.0,EURUSD,MCP,
2026-06-25 20:05:31,371637099,428983898,1782417931503,0,1,0,428983603,3,0.1,1.13724,0.0,0.0,0.6,0.0,EURUSD,MCP,
2026-06-25 20:05:31,371637100,428983899,1782417931596,0,1,0,428983604,3,0.1,1.13725,0.0,0.0,0.5,0.0,EURUSD,MCP,
2026-06-25 20:05:31,371637101,428983900,1782417931693,0,1,0,428983605,3,0.1,1.13725,0.0,0.0,0.5,0.0,EURUSD,MCP,
2026-06-25 20:05:31,371637102,428983901,1782417931787,0,1,0,428983606,3,0.1,1.13725,0.0,0.0,0.5,0.0,EURUSD,MCP,
2026-06-25 20:05:31,371637103,428983902,1782417931893,0,1,0,428983607,3,0.1,1.13725,0.0,0.0,0.5,0.0,EURUSD,MCP,
2026-06-25 20:05:31,371637104,428983903,1782417931993,0,1,0,428983609,3,0.1,1.13725,0.0,0.0,0.5,0.0,EURUSD,MCP,
2026-06-25 20:05:32,371637105,428983904,1782417932091,0,1,0,428983610,3,0.1,1.13725,0.0,0.0,0.5,0.0,EURUSD,MCP,
2026-06-25 20:05:32,371637106,428983905,1782417932196,0,1,0,428983611,3,0.1,1.13725,0.0,0.0,0.5,0.0,EURUSD,MCP,
2026-06-25 20:05:32,371637107,428983906,1782417932298,0,1,0,428983612,3,0.1,1.13725,0.0,0.0,0.5,0.0,EURUSD,MCP,
2026-06-25 20:05:32,371637108,428983907,1782417932405,0,1,0,428983736,3,0.1,1.13725,0.0,0.0,0.8,0.0,EURUSD,MCP,
2026-06-25 20:05:32,371637109,428983908,1782417932512,0,1,0,428983737,3,0.1,1.13725,0.0,0.0,0.8,0.0,EURUSD,MCP,
2026-06-25 20:05:32,371637110,428983909,1782417932728,0,1,0,428983738,3,0.1,1.13725,0.0,0.0,0.8,0.0,EURUSD,MCP,
2026-06-25 20:05:32,371637111,428983910,1782417932850,0,1,0,428983739,3,0.1,1.13725,0.0,0.0,1.0,0.0,EURUSD,MCP,
2026-06-25 20:05:32,371637112,428983911,1782417932950,0,1,0,428983740,3,0.1,1.13725,0.0,0.0,1.0,0.0,EURUSD,MCP,
2026-06-25 20:05:33,371637113,428983912,1782417933053,0,1,0,428983741,3,0.1,1.13725,0.0,0.0,1.0,0.0,EURUSD,MCP,
2026-06-25 20:05:33,371637114,428983913,1782417933167,0,1,0,428983743,3,0.1,1.13725,0.0,0.0,1.2,0.0,EURUSD,MCP,
2026-06-25 20:05:33,371637115,428983914,1782417933270,0,1,0,428983744,3,0.1,1.13725,0.0,0.0,1.2,0.0,EURUSD,MCP,
2026-06-25 20:05:33,371637116,428983915,1782417933368,0,1,0,428983745,3,0.1,1.13725,0.0,0.0,1.2,0.0,EURUSD,MCP,
2026-06-25 20:05:33,371637117,428983916,1782417933468,0,1,0,428983746,3,0.1,1.13725,0.0,0.0,1.2,0.0,EURUSD,MCP,
2026-06-25 20:06:07,371637157,428983991,1782417967140,0,0,0,428983991,3,0.01,59604.72,-0.04,0.0,0.0,0.0,BTCUSD,BASKET_BEST_BTCU,
2026-06-25 20:06:07,371637158,428983992,1782417967210,0,0,0,428983992,3,0.01,59604.72,-0.04,0.0,0.0,0.0,BTCUSD,BASKET_BEST_BTCU,
2026-06-25 20:06:07,371637159,428983993,1782417967289,0,0,0,428983993,3,0.01,59604.72,-0.04,0.0,0.0,0.0,BTCUSD,BASKET_BEST_BTCU,
2026-06-25 20:06:07,371637160,428983994,1782417967360,0,0,0,428983994,3,0.01,59604.72,-0.04,0.0,0.0,0.0,BTCUSD,BASKET_BEST_BTCU,
2026-06-25 20:06:07,371637161,428983995,1782417967427,0,0,0,428983995,3,0.01,59598.47,-0.04,0.0,0.0,0.0,BTCUSD,BASKET_BEST_BTCU,
2026-06-25 20:06:07,371637162,428983996,1782417967498,0,0,0,428983996,3,0.01,59598.47,-0.04,0.0,0.0,0.0,BTCUSD,BASKET_BEST_BTCU,
2026-06-25 20:06:07,371637163,428983997,1782417967568,0,0,0,428983997,3,0.01,59592.35,-0.04,0.0,0.0,0.0,BTCUSD,BASKET_BEST_BTCU,
2026-06-25 20:06:07,371637164,428983998,1782417967639,0,0,0,428983998,3,0.01,59592.35,-0.04,0.0,0.0,0.0,BTCUSD,BASKET_BEST_BTCU,
2026-06-25 20:06:07,371637165,428983999,1782417967708,0,0,0,428983999,3,0.01,59592.35,-0.04,0.0,0.0,0.0,BTCUSD,BASKET_BEST_BTCU,
2026-06-25 20:06:07,371637166,428984000,1782417967781,0,0,0,428984000,3,0.01,59592.35,-0.04,0.0,0.0,0.0,BTCUSD,BASKET_BEST_BTCU,
2026-06-25 20:07:04,371637352,428984250,1782418024746,0,0,0,428984250,3,0.01,59628.58,-0.04,0.0,0.0,0.0,BTCUSD,BASKET_BEST_BTCU,
2026-06-25 20:07:04,371637353,428984251,1782418024818,0,0,0,428984251,3,0.01,59628.58,-0.04,0.0,0.0,0.0,BTCUSD,BASKET_BEST_BTCU,
2026-06-25 20:07:04,371637354,428984252,1782418024890,0,0,0,428984252,3,0.01,59628.58,-0.04,0.0,0.0,0.0,BTCUSD,BASKET_BEST_BTCU,
2026-06-25 20:07:04,371637355,428984254,1782418024959,0,0,0,428984254,3,0.01,59628.58,-0.04,0.0,0.0,0.0,BTCUSD,BASKET_BEST_BTCU,
2026-06-25 20:07:05,371637356,428984255,1782418025027,0,0,0,428984255,3,0.01,59628.58,-0.04,0.0,0.0,0.0,BTCUSD,BASKET_BEST_BTCU,
2026-06-25 20:07:05,371637357,428984257,1782418025098,0,0,0,428984257,3,0.01,59628.58,-0.04,0.0,0.0,0.0,BTCUSD,BASKET_BEST_BTCU,
2026-06-25 20:07:05,371637358,428984259,1782418025168,0,0,0,428984259,3,0.01,59628.58,-0.04,0.0,0.0,0.0,BTCUSD,BASKET_BEST_BTCU,
2026-06-25 20:07:05,371637359,428984260,1782418025240,0,0,0,428984260,3,0.01,59628.58,-0.04,0.0,0.0,0.0,BTCUSD,BASKET_BEST_BTCU,
2026-06-25 20:07:05,371637360,428984262,1782418025310,0,0,0,428984262,3,0.01,59628.58,-0.04,0.0,0.0,0.0,BTCUSD,BASKET_BEST_BTCU,
2026-06-25 20:07:05,371637361,428984263,1782418025380,0,0,0,428984263,3,0.01,59628.58,-0.04,0.0,0.0,0.0,BTCUSD,BASKET_BEST_BTCU,
2026-06-25 20:20:21,371639521,428987047,1782418821723,1,0,0,428987047,3,0.01,4028.02,-0.07,0.0,0.0,0.0,XAUUSD,BASKET_BEST_XAUU,
2026-06-25 20:20:22,371639523,428987053,1782418822636,1,0,0,428987053,3,0.01,4028.268,-0.07,0.0,0.0,0.0,XAUUSD,BASKET_BEST_XAUU,
2026-06-25 20:20:23,371639524,428987055,1782418823642,1,0,0,428987055,3,0.01,4028.254,-0.07,0.0,0.0,0.0,XAUUSD,BASKET_BEST_XAUU,
2026-06-25 20:20:24,371639525,428987056,1782418824706,1,0,0,428987056,3,0.01,4028.0190000000002,-0.07,0.0,0.0,0.0,XAUUSD,BASKET_BEST_XAUU,
2026-06-25 20:20:25,371639528,428987057,1782418825591,1,0,0,428987057,3,0.01,4028.0190000000002,-0.07,0.0,0.0,0.0,XAUUSD,BASKET_BEST_XAUU,
2026-06-25 20:20:26,371639535,428987062,1782418826387,1,0,0,428987062,3,0.01,4028.03,-0.07,0.0,0.0,0.0,XAUUSD,BASKET_BEST_XAUU,
2026-06-25 20:20:27,371639551,428987068,1782418827722,1,0,0,428987068,3,0.01,4028.284,-0.07,0.0,0.0,0.0,XAUUSD,BASKET_BEST_XAUU,
2026-06-25 20:20:28,371639557,428987088,1782418828629,1,0,0,428987088,3,0.01,4028.288,-0.07,0.0,0.0,0.0,XAUUSD,BASKET_BEST_XAUU,
2026-06-25 20:20:29,371639562,428987094,1782418829483,1,0,0,428987094,3,0.01,4028.288,-0.07,0.0,0.0,0.0,XAUUSD,BASKET_BEST_XAUU,
2026-06-25 20:20:30,371639570,428987099,1782418830609,1,0,0,428987099,3,0.01,4028.282,-0.07,0.0,0.0,0.0,XAUUSD,BASKET_BEST_XAUU,
