time,ticket,order,time_msc,type,entry,magic,position_id,reason,volume,price,commission,swap,profit,fee,symbol,comment,external_id
2026-05-30 09:51:33,359310498,414755981,1780134693357,0,0,0,414755981,1,0.01,73485.98,-0.04,0.0,0.0,0.0,BTCUSD,,
2026-05-30 16:54:38,359349584,414805758,1780160078107,1,1,0,414755981,1,0.01,73826.22,0.0,0.0,3.4,0.0,BTCUSD,,
2026-06-01 16:42:17,359901305,415407552,1780332137023,0,0,0,415407552,1,0.1,4469.1669999999995,-0.7,0.0,0.0,0.0,XAUUSD,,
2026-06-01 18:30:40,359958488,0,1780338640884,1,1,0,415407552,4,0.1,4485.713,0.0,0.0,165.46,0.0,XAUUSD,[sl 4485.71300],proactive
2026-06-01 18:31:45,359959263,415472293,1780338705448,0,0,0,415472293,1,0.1,4485.07,-0.7,0.0,0.0,0.0,XAUUSD,,
2026-06-01 19:31:48,359975291,0,1780342308063,1,1,0,415472293,4,0.1,4483.984,0.0,0.0,-10.86,0.0,XAUUSD,[sl 4483.98400],proactive
2026-06-01 19:50:53,359981880,0,1780343453491,1,1,0,412249328,4,0.1,4481.557,0.0,0.0,-898.81,0.0,XAUUSD,[sl 4481.55700],proactive
2026-06-03 17:39:37,361005463,416686292,1780508377550,0,0,0,416686292,1,0.1,4439.792,-0.7,0.0,0.0,0.0,XAUUSD,,
2026-06-03 17:39:39,361005470,416686299,1780508379905,0,0,0,416686299,1,0.1,4440.106000000001,-0.7,0.0,0.0,0.0,XAUUSD,,
2026-06-03 17:39:43,361005479,416686307,1780508383175,0,0,0,416686307,1,0.1,4440.061000000001,-0.7,0.0,0.0,0.0,XAUUSD,,
2026-06-03 17:39:43,361005480,416686308,1780508383795,0,0,0,416686308,1,0.1,4440.061000000001,-0.7,0.0,0.0,0.0,XAUUSD,,
2026-06-03 17:42:04,361006637,416687550,1780508524656,1,1,0,416686308,1,0.1,4440.775000000001,0.0,0.0,7.14,0.0,XAUUSD,,
2026-06-03 17:42:07,361006662,416687577,1780508527878,1,1,0,416686307,1,0.1,4441.157,0.0,0.0,10.96,0.0,XAUUSD,,
2026-06-03 17:42:10,361006679,416687593,1780508530888,1,1,0,416686299,1,0.1,4440.9580000000005,0.0,0.0,8.52,0.0,XAUUSD,,
2026-06-03 17:42:52,361006931,416687853,1780508572522,0,0,0,416687853,1,0.1,4440.950000000001,-0.7,0.0,0.0,0.0,XAUUSD,,
2026-06-03 17:42:52,361006933,416687855,1780508572734,0,0,0,416687855,1,0.1,4441.1900000000005,-0.7,0.0,0.0,0.0,XAUUSD,,
2026-06-03 17:42:52,361006934,416687857,1780508572942,0,0,0,416687857,1,0.1,4441.049000000001,-0.7,0.0,0.0,0.0,XAUUSD,,
2026-06-03 17:44:25,361007494,416688465,1780508665150,0,0,0,416688465,1,0.1,4440.612,-0.7,0.0,0.0,0.0,XAUUSD,,
2026-06-03 17:44:25,361007495,416688467,1780508665675,0,0,0,416688467,1,0.1,4440.612,-0.7,0.0,0.0,0.0,XAUUSD,,
2026-06-03 17:44:26,361007496,416688470,1780508666321,0,0,0,416688470,1,0.1,4440.571000000001,-0.7,0.0,0.0,0.0,XAUUSD,,
2026-06-03 17:44:26,361007497,416688471,1780508666323,0,0,0,416688471,1,0.1,4440.571000000001,-0.7,0.0,0.0,0.0,XAUUSD,,
2026-06-03 17:46:22,361008298,416689350,1780508782955,0,0,0,416689350,1,0.1,4440.240000000001,-0.7,0.0,0.0,0.0,XAUUSD,,
2026-06-03 17:46:24,361008303,416689356,1780508784188,0,0,0,416689356,1,0.1,4440.259,-0.7,0.0,0.0,0.0,XAUUSD,,
2026-06-03 17:46:32,361008405,416689459,1780508792367,0,0,0,416689459,1,0.1,4439.900000000001,-0.7,0.0,0.0,0.0,XAUUSD,,
2026-06-03 17:46:32,361008408,416689463,1780508792839,0,0,0,416689463,1,0.1,4439.900000000001,-0.7,0.0,0.0,0.0,XAUUSD,,
2026-06-03 17:46:33,361008410,416689465,1780508793265,0,0,0,416689465,1,0.1,4439.900000000001,-0.7,0.0,0.0,0.0,XAUUSD,,
2026-06-03 17:46:33,361008417,416689472,1780508793661,0,0,0,416689472,1,0.1,4439.830000000001,-0.7,0.0,0.0,0.0,XAUUSD,,
2026-06-03 17:46:43,361008477,416689530,1780508803099,0,0,0,416689530,1,0.1,4439.655000000001,-0.7,0.0,0.0,0.0,XAUUSD,,
2026-06-03 17:46:43,361008480,416689536,1780508803454,0,0,0,416689536,1,0.1,4439.881,-0.7,0.0,0.0,0.0,XAUUSD,,
2026-06-03 17:46:43,361008491,416689543,1780508803998,0,0,0,416689543,1,0.1,4439.2970000000005,-0.7,0.0,0.0,0.0,XAUUSD,,
2026-06-03 17:46:44,361008499,416689553,1780508804872,0,0,0,416689553,1,0.1,4439.575000000001,-0.7,0.0,0.0,0.0,XAUUSD,,
2026-06-03 17:46:45,361008503,416689558,1780508805695,0,0,0,416689558,1,0.1,4439.575000000001,-0.7,0.0,0.0,0.0,XAUUSD,,
2026-06-03 17:51:50,361010468,416691672,1780509110885,0,0,0,416691672,1,0.1,4439.728,-0.7,0.0,0.0,0.0,XAUUSD,,
2026-06-03 17:51:51,361010470,416691676,1780509111817,0,0,0,416691676,1,0.1,4439.353,-0.7,0.0,0.0,0.0,XAUUSD,,
2026-06-03 17:51:52,361010472,416691678,1780509112585,0,0,0,416691678,1,0.1,4439.353,-0.7,0.0,0.0,0.0,XAUUSD,,
2026-06-03 17:51:53,361010475,416691682,1780509113000,0,0,0,416691682,1,0.1,4439.314,-0.7,0.0,0.0,0.0,XAUUSD,,
2026-06-03 17:51:53,361010477,416691683,1780509113414,0,0,0,416691683,1,0.1,4439.314,-0.7,0.0,0.0,0.0,XAUUSD,,
2026-06-03 17:51:54,361010481,416691689,1780509114769,0,0,0,416691689,1,0.1,4439.343000000001,-0.7,0.0,0.0,0.0,XAUUSD,,
2026-06-03 17:51:55,361010484,416691692,1780509115403,0,0,0,416691692,1,0.1,4439.343000000001,-0.7,0.0,0.0,0.0,XAUUSD,,
2026-06-03 17:51:55,361010485,416691693,1780509115469,0,0,0,416691693,1,0.1,4439.343000000001,-0.7,0.0,0.0,0.0,XAUUSD,,
2026-06-03 17:51:56,361010510,416691720,1780509116281,0,0,0,416691720,1,0.1,4439.184,-0.7,0.0,0.0,0.0,XAUUSD,,
2026-06-03 18:06:09,361015471,416697487,1780509969583,0,0,0,416697487,1,0.1,4439.544000000001,-0.7,0.0,0.0,0.0,XAUUSD,,
2026-06-03 18:06:09,361015472,416697488,1780509969625,0,0,0,416697488,1,0.1,4439.544000000001,-0.7,0.0,0.0,0.0,XAUUSD,,
2026-06-03 18:06:09,361015473,416697490,1780509969916,0,0,0,416697490,1,0.1,4439.247,-0.7,0.0,0.0,0.0,XAUUSD,,
2026-06-03 18:06:10,361015476,416697492,1780509970714,0,0,0,416697492,1,0.1,4439.247,-0.7,0.0,0.0,0.0,XAUUSD,,
2026-06-03 18:06:10,361015477,416697493,1780509970717,0,0,0,416697493,1,0.1,4439.247,-0.7,0.0,0.0,0.0,XAUUSD,,
2026-06-03 18:22:43,361024208,416707235,1780510963010,0,0,0,416707235,1,0.1,4438.518,-0.7,0.0,0.0,0.0,XAUUSD,,
2026-06-03 18:22:43,361024213,416707240,1780510963399,0,0,0,416707240,1,0.1,4438.518,-0.7,0.0,0.0,0.0,XAUUSD,,
2026-06-03 18:22:43,361024219,416707246,1780510963631,0,0,0,416707246,1,0.1,4438.606000000001,-0.7,0.0,0.0,0.0,XAUUSD,,
2026-06-03 18:22:43,361024221,416707249,1780510963855,0,0,0,416707249,1,0.1,4438.606000000001,-0.7,0.0,0.0,0.0,XAUUSD,,
2026-06-03 18:22:44,361024225,416707253,1780510964078,0,0,0,416707253,1,0.1,4438.606000000001,-0.7,0.0,0.0,0.0,XAUUSD,,
2026-06-03 18:22:44,361024228,416707256,1780510964263,0,0,0,416707256,1,0.1,4438.606000000001,-0.7,0.0,0.0,0.0,XAUUSD,,
2026-06-03 18:22:44,361024233,416707261,1780510964474,0,0,0,416707261,1,0.1,4438.606000000001,-0.7,0.0,0.0,0.0,XAUUSD,,
2026-06-03 18:22:44,361024236,416707264,1780510964715,0,0,0,416707264,1,0.1,4438.511,-0.7,0.0,0.0,0.0,XAUUSD,,
2026-06-03 18:22:44,361024243,416707269,1780510964945,0,0,0,416707269,1,0.1,4438.511,-0.7,0.0,0.0,0.0,XAUUSD,,
2026-06-03 18:22:45,361024249,416707275,1780510965331,0,0,0,416707275,1,0.1,4438.511,-0.7,0.0,0.0,0.0,XAUUSD,,
2026-06-03 18:43:02,361034324,416718472,1780512182649,1,1,0,416687855,1,0.1,4440.0830000000005,0.0,0.0,-11.07,0.0,XAUUSD,,
2026-06-03 18:43:05,361034331,416718483,1780512185921,1,1,0,416687853,1,0.1,4440.242,0.0,0.0,-7.08,0.0,XAUUSD,,
2026-06-03 18:44:56,361034632,416718900,1780512296034,1,1,0,416687857,1,0.1,4440.338,0.0,0.0,-7.11,0.0,XAUUSD,,
2026-06-03 18:45:00,361034659,416718923,1780512300029,1,1,0,416688465,1,0.1,4440.206,0.0,0.0,-4.06,0.0,XAUUSD,,
2026-06-03 18:45:05,361034681,416718957,1780512305686,1,1,0,416688467,1,0.1,4440.067,0.0,0.0,-5.45,0.0,XAUUSD,,
2026-06-03 18:45:09,361034686,416718966,1780512309449,1,1,0,416688471,1,0.1,4440.134,0.0,0.0,-4.37,0.0,XAUUSD,,
2026-06-03 18:45:16,361034701,416718984,1780512316926,1,1,0,416689459,1,0.1,4440.009,0.0,0.0,1.09,0.0,XAUUSD,,
2026-06-03 18:45:26,361034772,416719065,1780512326530,1,1,0,416688470,1,0.1,4439.8640000000005,0.0,0.0,-7.07,0.0,XAUUSD,,
2026-06-03 18:45:39,361034815,416719117,1780512339145,1,1,0,416689350,1,0.1,4440.361,0.0,0.0,1.21,0.0,XAUUSD,,
2026-06-03 18:45:43,361034879,416719184,1780512343329,1,1,0,416689356,1,0.1,4440.353,0.0,0.0,0.94,0.0,XAUUSD,,
2026-06-03 18:45:48,361034933,416719239,1780512348919,1,1,0,416689465,1,0.1,4440.477,0.0,0.0,5.77,0.0,XAUUSD,,
2026-06-03 18:45:52,361034965,416719264,1780512352281,1,1,0,416686292,1,0.1,4441.243,0.0,0.0,14.51,0.0,XAUUSD,,
2026-06-03 18:45:59,361035185,416719490,1780512359221,1,1,0,416689463,1,0.1,4441.025000000001,0.0,0.0,11.25,0.0,XAUUSD,,
2026-06-03 18:46:02,361035231,416719541,1780512362596,1,1,0,416689472,1,0.1,4440.85,0.0,0.0,10.2,0.0,XAUUSD,,
2026-06-03 18:46:06,361035357,416719669,1780512366332,1,1,0,416689536,1,0.1,4441.043,0.0,0.0,11.62,0.0,XAUUSD,,
2026-06-03 18:46:09,361035393,416719705,1780512369357,1,1,0,416689530,1,0.1,4440.947,0.0,0.0,12.92,0.0,XAUUSD,,
2026-06-03 18:46:16,361035443,416719758,1780512376642,1,1,0,416689543,1,0.1,4440.948,0.0,0.0,16.51,0.0,XAUUSD,,
2026-06-03 18:46:20,361035471,416719785,1780512380502,1,1,0,416689553,1,0.1,4441.195,0.0,0.0,16.2,0.0,XAUUSD,,
2026-06-03 18:46:23,361035494,416719810,1780512383604,1,1,0,416689558,1,0.1,4440.803,0.0,0.0,12.28,0.0,XAUUSD,,
2026-06-03 18:46:30,361035591,416719908,1780512390308,1,1,0,416691672,1,0.1,4440.879,0.0,0.0,11.51,0.0,XAUUSD,,
2026-06-03 18:46:33,361035627,416719946,1780512393874,1,1,0,416691676,1,0.1,4440.995,0.0,0.0,16.42,0.0,XAUUSD,,
2026-06-03 18:46:42,361035659,416719985,1780512402637,1,1,0,416697488,1,0.1,4440.8640000000005,0.0,0.0,13.2,0.0,XAUUSD,,
2026-06-03 18:46:46,361035663,416719992,1780512406937,1,1,0,416697487,1,0.1,4440.6,0.0,0.0,10.56,0.0,XAUUSD,,
2026-06-03 18:48:22,361036234,416720603,1780512502552,1,1,0,416691678,1,0.1,4441.472,0.0,0.0,21.19,0.0,XAUUSD,,
2026-06-03 18:48:25,361036260,416720630,1780512505478,1,1,0,416691682,1,0.1,4441.543,0.0,0.0,22.29,0.0,XAUUSD,,
2026-06-03 18:48:31,361036274,416720645,1780512511698,1,1,0,416691683,1,0.1,4441.6230000000005,0.0,0.0,23.09,0.0,XAUUSD,,
2026-06-03 18:48:34,361036307,416720678,1780512514970,1,1,0,416691689,1,0.1,4441.95,0.0,0.0,26.07,0.0,XAUUSD,,
2026-06-03 18:48:38,361036385,416720758,1780512518016,1,1,0,416691692,1,0.1,4441.696,0.0,0.0,23.53,0.0,XAUUSD,,
2026-06-03 18:48:41,361036413,416720785,1780512521201,1,1,0,416691693,1,0.1,4441.397,0.0,0.0,20.54,0.0,XAUUSD,,
2026-06-03 18:48:45,361036447,416720819,1780512525211,1,1,0,416697492,1,0.1,4441.535,0.0,0.0,22.88,0.0,XAUUSD,,
2026-06-03 18:48:52,361036491,416720865,1780512532479,1,1,0,416691720,1,0.1,4441.331,0.0,0.0,21.47,0.0,XAUUSD,,
2026-06-03 18:49:05,361036563,416720948,1780512545849,1,1,0,416697490,1,0.1,4441.12,0.0,0.0,18.73,0.0,XAUUSD,,
2026-06-03 18:49:09,361036593,416720982,1780512549580,1,1,0,416697493,1,0.1,4441.088,0.0,0.0,18.41,0.0,XAUUSD,,
2026-06-06 18:59:44,362410768,418209340,1780772384739,1,0,0,418209340,1,0.01,60611.78,-0.04,0.0,0.0,0.0,BTCUSD,,
2026-06-06 18:59:56,362410774,418209346,1780772396196,1,0,0,418209346,1,0.1,60609.0,-0.4,0.0,0.0,0.0,BTCUSD,,
2026-06-08 06:14:06,362752442,418566691,1780899246312,1,1,0,416707235,1,0.1,4302.385,0.0,0.0,-1361.33,0.0,XAUUSD,,
2026-06-08 06:14:06,362752443,418566692,1780899246312,1,1,0,416707240,1,0.1,4302.385,0.0,0.0,-1361.33,0.0,XAUUSD,,
2026-06-08 06:14:06,362752444,418566693,1780899246312,1,1,0,416707246,1,0.1,4302.385,0.0,0.0,-1362.21,0.0,XAUUSD,,
2026-06-08 06:14:06,362752445,418566694,1780899246312,1,1,0,416707249,1,0.1,4302.385,0.0,0.0,-1362.21,0.0,XAUUSD,,
2026-06-08 06:14:06,362752446,418566695,1780899246313,1,1,0,416707253,1,0.1,4302.385,0.0,0.0,-1362.21,0.0,XAUUSD,,
2026-06-08 06:14:06,362752447,418566696,1780899246313,1,1,0,416707256,1,0.1,4302.385,0.0,0.0,-1362.21,0.0,XAUUSD,,
2026-06-08 06:14:06,362752448,418566697,1780899246313,1,1,0,416707261,1,0.1,4302.385,0.0,0.0,-1362.21,0.0,XAUUSD,,
2026-06-08 06:14:06,362752449,418566699,1780899246323,1,1,0,416707269,1,0.1,4302.385,0.0,0.0,-1361.26,0.0,XAUUSD,,
2026-06-08 06:14:06,362752450,418566698,1780899246323,1,1,0,416707264,1,0.1,4302.385,0.0,0.0,-1361.26,0.0,XAUUSD,,
2026-06-08 06:14:06,362752451,418566701,1780899246350,0,1,0,418209340,1,0.01,62918.72,0.0,0.0,-23.07,0.0,BTCUSD,,
2026-06-08 06:14:06,362752452,418566700,1780899246351,1,1,0,416707275,1,0.1,4302.385,0.0,0.0,-1361.26,0.0,XAUUSD,,
2026-06-08 06:14:06,362752453,418566702,1780899246360,0,1,0,418209346,1,0.1,62918.72,0.0,0.0,-230.97,0.0,BTCUSD,,
2026-06-10 17:31:17,364410025,420426975,1781112677246,1,0,0,420426975,1,0.01,61804.93,-0.04,0.0,0.0,0.0,BTCUSD,,
2026-06-10 17:32:03,364410328,420427364,1781112723620,1,0,0,420427364,1,0.01,4107.001,-0.07,0.0,0.0,0.0,XAUUSD,,
2026-06-10 21:22:09,364505292,420529969,1781126529478,0,1,0,420426975,1,0.01,61527.54,0.0,0.0,2.77,0.0,BTCUSD,,
2026-06-10 22:16:49,364515575,420542104,1781129809592,1,0,0,420542104,1,0.01,61111.16,-0.04,0.0,0.0,0.0,BTCUSD,,
2026-06-10 22:30:36,364518340,420545226,1781130636307,0,1,0,420427364,4,0.01,4047.479,0.0,0.0,59.52,0.0,XAUUSD,[sl 4047.479],
2026-06-10 22:38:06,364520616,420547615,1781131086731,0,0,0,420547615,1,0.01,4063.5000000000005,-0.07,0.0,0.0,0.0,XAUUSD,,
2026-06-11 06:28:57,364628502,420674624,1781159337472,0,1,0,420542104,1,0.01,62796.42,0.0,0.0,-16.85,0.0,BTCUSD,,
2026-06-11 06:28:57,364628503,420674625,1781159337475,1,1,0,420547615,1,0.01,4088.803,0.0,0.0,25.3,0.0,XAUUSD,,
2026-06-15 10:58:18,366220229,422382554,1781521098196,1,0,0,422382554,1,0.01,65834.83,-0.04,0.0,0.0,0.0,BTCUSD,,
2026-06-15 11:58:47,366251565,422415604,1781524727519,0,1,0,422382554,1,0.01,66165.88,0.0,0.0,-3.31,0.0,BTCUSD,,
2026-06-15 13:14:58,366295543,422465249,1781529298433,0,0,0,422465249,1,0.01,4348.9980000000005,-0.07,0.0,0.0,0.0,XAUUSD,,
2026-06-15 16:52:19,366435550,0,1781542339494,1,1,0,422465249,4,0.01,4334.513,0.0,0.0,-14.49,0.0,XAUUSD,[sl 4334.51300],proactive
2026-06-16 08:39:06,366723876,422913760,1781599146735,0,0,0,422913760,1,0.01,4340.313,-0.07,0.0,0.0,0.0,XAUUSD,,
2026-06-16 14:21:29,366934424,423136066,1781619689107,1,1,0,422913760,1,0.01,4324.901,0.0,0.0,-15.41,0.0,XAUUSD,,
2026-06-24 06:33:41,370459698,427564652,1782282821464,0,0,0,427564652,0,0.05,213.342,-0.35,0.0,0.0,0.0,GBPJPY,,
2026-06-24 06:36:54,370460527,427565899,1782283014420,0,0,0,427565899,0,1.0,213.26600000000002,-7.0,0.0,0.0,0.0,GBPJPY,,
2026-06-24 09:38:04,370549301,427675986,1782293884817,0,0,0,427675986,3,0.01,213.17200000000003,-0.07,0.0,0.0,0.0,GBPJPY,MCP,
2026-06-24 09:43:41,370552052,427679403,1782294221105,0,0,0,427679403,3,0.01,213.14700000000002,-0.07,0.0,0.0,0.0,GBPJPY,MCP,
2026-06-24 11:04:15,370599857,0,1782299055144,1,1,0,427564652,4,0.05,212.67,0.0,0.0,-20.78,0.0,GBPJPY,[sl 212.67000],proactive
2026-06-24 11:07:49,370604708,427744233,1782299269526,1,1,0,427565899,0,1.0,212.697,0.0,0.0,-351.88,0.0,GBPJPY,,
2026-06-24 11:40:12,370625335,427770242,1782301212185,0,0,0,427770242,3,0.05,62542.26,-0.2,0.0,0.0,0.0,BTCUSD,MCP,
2026-06-24 11:48:45,370628998,0,1782301725850,1,1,0,427770242,5,0.05,62820.94,0.0,0.0,13.94,0.0,BTCUSD,[tp 62820.94000],proactive
2026-06-24 11:50:09,370630036,427777303,1782301809381,0,0,0,427777303,3,0.05,212.859,-0.35,0.0,0.0,0.0,GBPJPY,MCP,
2026-06-24 11:58:34,370635535,427785460,1782302314512,1,1,0,427777303,4,0.05,212.744,0.0,0.0,-3.56,0.0,GBPJPY,[sl 212.744],
2026-06-24 13:25:04,370712553,427877732,1782307504942,0,0,0,427877732,3,0.05,212.81900000000002,-0.35,0.0,0.0,0.0,GBPJPY,MCP,
2026-06-24 14:00:05,370752258,427922711,1782309605545,0,0,0,427922711,3,0.05,4038.619,-0.35,0.0,0.0,0.0,XAUUSD,MCP,
2026-06-24 14:00:06,370752266,427922724,1782309606019,0,0,0,427922724,3,0.05,4038.4210000000003,-0.35,0.0,0.0,0.0,XAUUSD,MCP,
2026-06-24 14:00:07,370752286,427922754,1782309607209,0,0,0,427922754,3,0.05,4038.639,-0.35,0.0,0.0,0.0,XAUUSD,MCP,
2026-06-24 14:00:14,370752467,427922932,1782309614986,0,0,0,427922932,3,0.05,4040.8500000000004,-0.35,0.0,0.0,0.0,XAUUSD,MCP,
2026-06-24 14:39:00,370778398,427954802,1782311940057,1,1,0,427877732,4,0.05,212.648,0.0,0.0,-5.29,0.0,GBPJPY,[sl 212.648],
2026-06-24 14:40:06,370779225,427955696,1782312006611,1,0,0,427955696,3,0.05,212.633,-0.35,0.0,0.0,0.0,GBPJPY,MCP,
2026-06-24 14:53:00,370789090,427967382,1782312780671,1,1,0,427922711,0,0.05,4008.2760000000003,0.0,0.0,-151.72,0.0,XAUUSD,,
2026-06-24 14:53:21,370789216,427967559,1782312801552,1,1,0,427922932,0,0.05,4008.0190000000002,0.0,0.0,-164.15,0.0,XAUUSD,,
2026-06-24 14:53:34,370789331,427967706,1782312814514,1,1,0,427922754,0,0.05,4007.608,0.0,0.0,-155.16,0.0,XAUUSD,,
2026-06-24 14:53:41,370789344,427967732,1782312821183,1,1,0,427922724,0,0.05,4007.397,0.0,0.0,-155.12,0.0,XAUUSD,,
2026-06-24 14:56:32,370791201,427970095,1782312992007,1,1,0,427679403,0,0.01,212.577,0.0,0.0,-3.52,0.0,GBPJPY,,
2026-06-24 14:56:38,370791249,427970163,1782312998894,1,1,0,427675986,0,0.01,212.583,0.0,0.0,-3.64,0.0,GBPJPY,,
2026-06-24 15:02:08,370793720,427973694,1782313328284,0,1,0,427955696,4,0.05,212.784,0.0,0.0,-4.67,0.0,GBPJPY,[sl 212.784],
2026-06-24 15:05:02,370794979,427975418,1782313502645,0,0,0,427975418,3,0.05,212.798,-0.35,0.0,0.0,0.0,GBPJPY,MCP,
2026-06-24 17:30:06,370887599,428083017,1782322206245,1,0,0,428083017,3,0.05,212.903,-0.35,0.0,0.0,0.0,GBPJPY,MCP,
2026-06-24 18:00:01,370911450,428107780,1782324001643,1,0,0,428107780,3,0.05,3973.602,-0.35,0.0,0.0,0.0,XAUUSD,MCP,
2026-06-24 18:22:09,370937292,0,1782325329073,0,1,0,428083017,4,0.05,212.995,0.0,0.0,-2.84,0.0,GBPJPY,[sl 212.99500],proactive
2026-06-24 21:00:04,371005425,428221734,1782334804421,0,0,0,428221734,3,0.05,60890.630000000005,-0.2,0.0,0.0,0.0,BTCUSD,MCP,
2026-06-25 01:19:39,371069627,428054754,1782350379900,1,0,0,428054754,0,0.1,1.87555,-0.7,0.0,0.0,0.0,GBPCAD,,proactive
2026-06-25 04:08:06,371112145,428381062,1782360486440,1,1,0,427975418,0,0.05,213.16400000000002,0.0,0.0,11.32,0.0,GBPJPY,,
2026-06-25 04:28:07,371114511,428385704,1782361687663,0,1,0,428054754,0,0.1,1.8758200000000003,0.0,0.0,-1.9,0.0,GBPCAD,,
2026-06-25 04:42:15,371118455,428391165,1782362535781,1,0,0,428391165,0,0.1,3984.346,-0.7,0.0,0.0,0.0,XAUUSD,,
2026-06-25 04:42:37,371118479,428391228,1782362557494,1,0,0,428391228,0,0.1,3985.2180000000003,-0.7,0.0,0.0,0.0,XAUUSD,,
2026-06-25 04:43:54,371118774,428391670,1782362634695,0,1,0,428391228,0,0.1,3988.635,0.0,0.0,-34.17,0.0,XAUUSD,,
2026-06-25 04:46:05,371119659,428392817,1782362765087,0,1,0,428107780,0,0.05,3994.927,0.0,0.0,-106.63,0.0,XAUUSD,,
2026-06-25 04:46:23,371119723,428392916,1782362783139,0,1,0,428391165,0,0.1,3994.8680000000004,0.0,0.0,-105.22,0.0,XAUUSD,,
2026-06-25 04:47:50,371119835,428393187,1782362870220,0,0,0,428393187,0,0.1,60921.04,-0.4,0.0,0.0,0.0,BTCUSD,,
2026-06-25 04:53:00,371120392,428394263,1782363180702,1,0,0,428394263,0,0.1,1.8755400000000002,-0.7,0.0,0.0,0.0,GBPCAD,,
2026-06-25 04:53:21,371120554,428394455,1782363201228,1,0,0,428394455,0,0.1,1.8755600000000001,-0.7,0.0,0.0,0.0,GBPCAD,,
2026-06-25 04:54:04,371120952,428394940,1782363244928,1,0,0,428394940,0,0.5,3995.56,-3.5,0.0,0.0,0.0,XAUUSD,,
2026-06-25 04:54:17,371120972,428394985,1782363257992,0,1,0,428394940,0,0.5,3996.233,0.0,0.0,-33.65,0.0,XAUUSD,,
2026-06-25 04:54:35,371121011,428395066,1782363275751,1,0,0,428395066,0,0.5,1.8755100000000002,-3.5,0.0,0.0,0.0,GBPCAD,,
2026-06-25 04:54:47,371121113,428395189,1782363287977,1,0,0,428395189,0,1.0,3996.427,-7.0,0.0,0.0,0.0,XAUUSD,,
2026-06-25 04:56:49,371121424,428395669,1782363409729,1,0,0,428395669,0,1.0,1.8755700000000002,-7.0,0.0,0.0,0.0,GBPCAD,,
2026-06-25 05:00:01,371121695,428396247,1782363601716,0,0,0,428396247,3,0.05,213.25900000000001,-0.35,0.0,0.0,0.0,GBPJPY,MCP,
2026-06-25 05:00:07,371121715,428396296,1782363607167,0,0,0,428396296,3,0.05,1.8758800000000002,-0.35,0.0,0.0,0.0,GBPCAD,MCP,
2026-06-25 05:04:23,371122356,428397414,1782363863948,0,0,0,428397414,0,1.0,213.274,-7.0,0.0,0.0,0.0,GBPJPY,,
2026-06-25 05:05:00,371122473,428397601,1782363900543,0,0,0,428397601,0,0.1,213.276,-0.7,0.0,0.0,0.0,GBPJPY,,
2026-06-25 05:19:54,371125255,428402100,1782364794086,0,1,0,428395189,0,1.0,3992.304,0.0,0.0,412.3,0.0,XAUUSD,,
2026-06-25 05:29:07,371126876,428404765,1782365347804,1,0,0,428404765,0,0.1,3993.777,-0.7,0.0,0.0,0.0,XAUUSD,,
2026-06-25 05:59:44,371133472,428415643,1782367184346,0,0,0,428415643,0,0.1,3989.123,-0.7,0.0,0.0,0.0,XAUUSD,,
2026-06-25 06:14:56,371138396,428422853,1782368096780,0,1,0,428404765,0,0.1,3980.7580000000003,0.0,0.0,130.19,0.0,XAUUSD,,
2026-06-25 06:17:19,371139794,428424508,1782368239885,0,0,0,428424508,0,0.1,3978.7400000000002,-0.7,0.0,0.0,0.0,XAUUSD,,
2026-06-25 06:20:24,371141058,428426178,1782368424941,1,0,0,428426178,0,0.1,3975.475,-0.7,0.0,0.0,0.0,XAUUSD,,
2026-06-25 06:20:44,371141309,428426484,1782368444325,1,1,0,428424508,0,0.1,3979.393,0.0,0.0,6.53,0.0,XAUUSD,,
2026-06-25 07:07:38,371156437,428446622,1782371258789,1,1,0,428396296,0,0.05,1.8762500000000002,0.0,0.0,1.3,0.0,GBPCAD,,
2026-06-25 07:08:21,371156900,428447102,1782371301095,1,1,0,428393187,0,0.1,61588.8,0.0,0.0,66.78,0.0,BTCUSD,,
2026-06-25 07:08:27,371156964,428447167,1782371307772,1,1,0,428221734,0,0.05,61600.74,0.0,0.0,35.51,0.0,BTCUSD,,
2026-06-25 07:35:53,371171781,428464597,1782372953983,1,1,0,428397601,0,0.1,213.31300000000002,0.0,0.0,2.29,0.0,GBPJPY,,
2026-06-25 07:36:08,371171888,428464734,1782372968751,1,1,0,428397414,0,1.0,213.305,0.0,0.0,19.16,0.0,GBPJPY,,
2026-06-25 08:18:04,371193590,428490619,1782375484369,1,1,0,428415643,0,0.1,3993.038,0.0,0.0,39.15,0.0,XAUUSD,,
2026-06-25 08:20:36,371195030,428492281,1782375636619,1,0,0,428492281,0,0.1,3995.855,-0.7,0.0,0.0,0.0,XAUUSD,,
2026-06-25 08:41:47,371207648,428507353,1782376907847,1,0,0,428507353,0,0.1,1.87684,-0.7,0.0,0.0,0.0,GBPCAD,,
2026-06-25 09:18:16,371224067,428530019,1782379096393,0,1,0,428492281,0,0.1,3990.6180000000004,0.0,0.0,52.37,0.0,XAUUSD,,
2026-06-25 09:22:34,371225913,428532641,1782379354399,1,0,0,428532641,0,0.1,3993.426,-0.7,0.0,0.0,0.0,XAUUSD,,
2026-06-25 09:30:15,371229653,0,1782379815928,0,1,0,428395669,4,1.0,1.8775,0.0,0.0,-135.63,0.0,GBPCAD,[sl 1.87750],proactive
2026-06-25 09:30:15,371229654,428537609,1782379815933,0,1,0,428394455,4,0.1,1.8775,0.0,0.0,-13.63,0.0,GBPCAD,[sl 1.87750],
2026-06-25 09:30:15,371229655,428537610,1782379815935,0,1,0,428395066,4,0.5,1.8775,0.0,0.0,-69.92,0.0,GBPCAD,[sl 1.87750],
2026-06-25 09:30:15,371229656,0,1782379815940,0,1,0,428394263,4,0.1,1.8775,0.0,0.0,-13.77,0.0,GBPCAD,[sl 1.87750],proactive
2026-06-25 10:43:12,371266720,428580810,1782384192939,0,1,0,428532641,0,0.1,3985.4,0.0,0.0,80.26,0.0,XAUUSD,,
2026-06-25 10:44:19,371267303,428581457,1782384259286,1,0,0,428581457,0,0.1,3985.688,-0.7,0.0,0.0,0.0,XAUUSD,,
2026-06-25 10:47:21,371269638,428583849,1782384441552,1,1,0,428396247,0,0.05,213.095,0.0,0.0,-5.07,0.0,GBPJPY,,
2026-06-25 10:53:15,371271928,428586627,1782384795359,0,0,0,428586627,0,0.1,0.86178,-0.7,0.0,0.0,0.0,EURGBP,,
2026-06-25 11:34:53,371290043,428607828,1782387293194,0,1,0,428581457,0,0.1,3977.538,0.0,0.0,81.5,0.0,XAUUSD,,
2026-06-25 11:38:25,371292190,428610161,1782387505420,1,0,0,428610161,0,0.1,3977.406,-0.7,0.0,0.0,0.0,XAUUSD,,
2026-06-25 11:39:42,371292679,428610730,1782387582290,1,0,0,428610730,0,0.1,3980.635,-0.7,0.0,0.0,0.0,XAUUSD,,
2026-06-25 11:44:34,371296284,428614647,1782387874256,1,0,0,428614647,0,0.1,3985.607,-0.7,0.0,0.0,0.0,XAUUSD,,
2026-06-25 12:00:06,371302858,428622318,1782388806617,1,0,0,428622318,3,0.05,1.8732300000000002,-0.35,0.0,0.0,0.0,GBPCAD,MCP,
2026-06-25 12:00:07,371302860,428622321,1782388807219,1,0,0,428622321,3,0.05,212.955,-0.35,0.0,0.0,0.0,GBPJPY,MCP,
2026-06-25 12:42:15,371328467,428651342,1782391335500,0,1,0,428622321,4,0.05,213.266,0.0,0.0,-9.61,0.0,GBPJPY,[sl 213.266],
2026-06-25 15:00:03,371473537,428799943,1782399603135,0,0,0,428799943,3,0.05,213.44600000000003,-0.35,0.0,0.0,0.0,GBPJPY,MCP,
2026-06-25 15:24:15,371496366,428823408,1782401055986,0,1,0,428426178,0,0.1,4031.367,0.0,0.0,-558.92,0.0,XAUUSD,,
2026-06-25 15:24:22,371496401,428823461,1782401062339,0,1,0,428610730,0,0.1,4033.368,0.0,0.0,-527.33,0.0,XAUUSD,,
2026-06-25 15:24:28,371496526,428823604,1782401068303,0,1,0,428610161,0,0.1,4034.163,0.0,0.0,-567.57,0.0,XAUUSD,,
2026-06-25 15:24:35,371496559,428823645,1782401075998,1,0,0,428823645,0,0.1,4033.957,-0.7,0.0,0.0,0.0,XAUUSD,,
2026-06-25 15:24:45,371496682,428823781,1782401085686,0,1,0,428614647,0,0.1,4034.873,0.0,0.0,-492.66,0.0,XAUUSD,,
2026-06-25 15:24:52,371496802,428823920,1782401092473,0,1,0,428823645,0,0.1,4038.552,0.0,0.0,-45.95,0.0,XAUUSD,,
